  -6.2500000000000000E-002  -5.0000000000000003E-002   3.0020511482916779E-003   0.0000000000000000     
   6.2500000000000000E-002  -5.0000000000000003E-002   4.9348325498170028E-003   8.5542066270923370E-004
  0.18750000000000000       -5.0000000000000003E-002   3.3785659106218215E-003   3.8960704292866267E-004
  0.31250000000000000       -5.0000000000000003E-002   2.6669493386294093E-003   1.7970955178611196E-004
  0.43750000000000000       -5.0000000000000003E-002   2.3184162390452790E-003   9.9148290451313235E-005
  0.56250000000000000       -5.0000000000000003E-002   2.1190198705301868E-003   6.0407022905097496E-005
  0.68750000000000000       -5.0000000000000003E-002   1.9961842510931031E-003   3.7905221182729288E-005
  0.81250000000000000       -5.0000000000000003E-002   1.9190829348125946E-003   2.3823727041450466E-005
  0.93750000000000000       -5.0000000000000003E-002   1.8708376774355402E-003   1.4823171510774528E-005
   1.0625000000000000       -5.0000000000000003E-002   1.8410500179350513E-003   9.0592055559971547E-006
   1.1875000000000000       -5.0000000000000003E-002   1.8230463494054014E-003   5.3964554078926097E-006
   1.3125000000000000       -5.0000000000000003E-002   1.8124869323823023E-003   3.1033892572795811E-006
   1.4375000000000000       -5.0000000000000003E-002   1.8065487518826016E-003   1.6983531571391882E-006
   1.5625000000000000       -5.0000000000000003E-002   1.8034103925216565E-003   8.6190299182129088E-007
   1.6875000000000000       -5.0000000000000003E-002   1.8019139338287548E-003   3.8284402027008681E-007
   1.8125000000000000       -5.0000000000000003E-002   1.8013382922485938E-003   1.2302795625627319E-007
   1.9375000000000000       -5.0000000000000003E-002   1.8012463286683318E-003  -6.4578599825543058E-009
   2.0625000000000000       -5.0000000000000003E-002   1.8013821826121442E-003  -6.1658153583254984E-008
   2.1875000000000000       -5.0000000000000003E-002   1.8016031597854760E-003  -7.7019943073356881E-008
   2.3125000000000000       -5.0000000000000003E-002   1.8018353528908313E-003  -7.3102985581360469E-008
   2.4375000000000000       -5.0000000000000003E-002   1.8020454410405909E-003  -6.1806584225185567E-008
   2.5625000000000000       -5.0000000000000003E-002   1.8022234432787101E-003  -4.9900985776850454E-008
   2.6875000000000000       -5.0000000000000003E-002   1.8023729333441413E-003  -4.1460951631005357E-008
   2.8125000000000000       -5.0000000000000003E-002   1.8025065759632376E-003  -3.9686201092871071E-008
   2.9375000000000000       -5.0000000000000003E-002   1.8026460096015389E-003  -4.8555678212986697E-008
   3.0625000000000000       -5.0000000000000003E-002   1.8028262945616316E-003  -7.4823595394961916E-008
   3.1875000000000000       -5.0000000000000003E-002   1.8031066754847721E-003  -1.3107331700117612E-007
   3.3125000000000000       -5.0000000000000003E-002   1.8035917728466825E-003  -2.4100550552242574E-007
   3.4375000000000000       -5.0000000000000003E-002   1.8044714028343815E-003  -4.4905201122137794E-007
   3.5625000000000000       -5.0000000000000003E-002   1.8060946772144536E-003  -8.3818617782722997E-007
   3.6875000000000000       -5.0000000000000003E-002   1.8091080347736955E-003  -1.5632589904525572E-006
   3.8125000000000000       -5.0000000000000003E-002   1.8147136874818769E-003  -2.9139972465536516E-006
   3.9375000000000000       -5.0000000000000003E-002   1.8251577156325270E-003  -5.4357282870629923E-006
   4.0625000000000000       -5.0000000000000003E-002   1.8446707128467602E-003  -1.0170699957668635E-005
   4.1875000000000000       -5.0000000000000003E-002   1.8814154549553052E-003  -1.9222384972402589E-005
   4.3125000000000000       -5.0000000000000003E-002   1.9524508726250687E-003  -3.7604224517840159E-005
   4.4375000000000000       -5.0000000000000003E-002   2.1006232724966388E-003  -8.0932687289735544E-005
   4.5625000000000000       -5.0000000000000003E-002   2.4538116397483439E-003  -2.0161747743814969E-004
   4.6875000000000000       -5.0000000000000003E-002   3.3096547628519101E-003  -4.8305678379421783E-004
   4.8125000000000000       -5.0000000000000003E-002   1.9567379121269482E-003   0.0000000000000000     
  -6.2500000000000000E-002   5.0000000000000003E-002   1.6988335352240688E-002   0.0000000000000000     
   6.2500000000000000E-002   5.0000000000000003E-002   3.2280588198349135E-002   3.0677121959304175E-003
  0.18750000000000000        5.0000000000000003E-002   2.8769313663562900E-002   2.2313772381109260E-003
  0.31250000000000000        5.0000000000000003E-002   2.5593085448261048E-002   1.4482618617868933E-003
  0.43750000000000000        5.0000000000000003E-002   2.3295202203712808E-002   9.4779178209597481E-004
  0.56250000000000000        5.0000000000000003E-002   2.1726779409031623E-002   6.2609530014795653E-004
  0.68750000000000000        5.0000000000000003E-002   2.0673300709934415E-002   4.1335589682831811E-004
  0.81250000000000000        5.0000000000000003E-002   1.9972450299796534E-002   2.7083022353539598E-004
  0.93750000000000000        5.0000000000000003E-002   1.9511575245647925E-002   1.7521430963621018E-004
   1.0625000000000000        5.0000000000000003E-002   1.9213021750483589E-002   1.1144548958506135E-004
   1.1875000000000000        5.0000000000000003E-002   1.9023190974562003E-002   6.9383178171356205E-005
   1.3125000000000000        5.0000000000000003E-002   1.8905205717321918E-002   4.2057026377974038E-005
   1.4375000000000000        5.0000000000000003E-002   1.8833904028958823E-002   2.4639005169594430E-005
   1.5625000000000000        5.0000000000000003E-002   1.8792329377318472E-002   1.3790794771466906E-005
   1.6875000000000000        5.0000000000000003E-002   1.8769232957275794E-002   7.2234129109907412E-006
   1.8125000000000000        5.0000000000000003E-002   1.8757290476616194E-002   3.3876717822573736E-006
   1.9375000000000000        5.0000000000000003E-002   1.8751835982658296E-002   1.2520604321884033E-006
   2.0625000000000000        5.0000000000000003E-002   1.8749973078772721E-002   1.4259555374499683E-007
   2.1875000000000000        5.0000000000000003E-002   1.8749960815621917E-002  -3.7203957807043115E-007
   2.3125000000000000        5.0000000000000003E-002   1.8750797651960523E-002  -5.6204556379993864E-007
   2.4375000000000000        5.0000000000000003E-002   1.8751946711394827E-002  -5.9386169616236394E-007
   2.5625000000000000        5.0000000000000003E-002   1.8753161255255092E-002  -5.7049563489747791E-007
   2.6875000000000000        5.0000000000000003E-002   1.8754382086811305E-002  -5.6066452849204330E-007
   2.8125000000000000        5.0000000000000003E-002   1.8755689524156453E-002  -6.2181376278458689E-007
   2.9375000000000000        5.0000000000000003E-002   1.8757302801643561E-002  -8.2198796462714657E-007
   3.0625000000000000        5.0000000000000003E-002   1.8759630865386345E-002  -1.2663739038650190E-006
   3.1875000000000000        5.0000000000000003E-002   1.8763392849970625E-002  -2.1366008656398788E-006
   3.3125000000000000        5.0000000000000003E-002   1.8769847678931612E-002  -3.7554220978271371E-006
   3.4375000000000000        5.0000000000000003E-002   1.8781205995193187E-002  -6.6977008568752434E-006
   3.5625000000000000        5.0000000000000003E-002   1.8801353308613260E-002  -1.1983246492733531E-005
   3.6875000000000000        5.0000000000000003E-002   1.8837105757909756E-002  -2.1412364136058909E-005
   3.8125000000000000        5.0000000000000003E-002   1.8900372624322859E-002  -3.8148377411414825E-005
   3.9375000000000000        5.0000000000000003E-002   1.9011847805294628E-002  -6.7725723422437547E-005
   4.0625000000000000        5.0000000000000003E-002   1.9207238511610519E-002  -1.1979573059305330E-004
   4.1875000000000000        5.0000000000000003E-002   1.9547518766753768E-002  -2.1121193655955226E-004
   4.3125000000000000        5.0000000000000003E-002   2.0134279734448791E-002  -3.7184833371175038E-004
   4.4375000000000000        5.0000000000000003E-002   2.1122506137256258E-002  -6.5580560556382670E-004
   4.5625000000000000        5.0000000000000003E-002   2.2668750314605832E-002  -1.1462895378648314E-003
   4.6875000000000000        5.0000000000000003E-002   2.4564648218296351E-002  -1.7397770710161856E-003
   4.8125000000000000        5.0000000000000003E-002   1.2765863839457299E-002   0.0000000000000000     
  -6.2500000000000000E-002  0.15000000000000002        2.4177673283226602E-002   0.0000000000000000     
   6.2500000000000000E-002  0.15000000000000002        4.7565232411352867E-002   5.0566792564965780E-003
  0.18750000000000000       0.15000000000000002        4.5362431878393956E-002   4.8136990230889746E-003
  0.31250000000000000       0.15000000000000002        4.2562068482426101E-002   3.6472600442265103E-003
  0.43750000000000000       0.15000000000000002        4.0054123544726074E-002   2.5935188754519422E-003
  0.56250000000000000       0.15000000000000002        3.8101779177596884E-002   1.7970583781185588E-003
  0.68750000000000000       0.15000000000000002        3.6678045090434139E-002   1.2242505488730966E-003
  0.81250000000000000       0.15000000000000002        3.5677666447255028E-002   8.2101460694416952E-004
  0.93750000000000000       0.15000000000000002        3.4993191642238873E-002   5.4141119924179938E-004
   1.0625000000000000       0.15000000000000002        3.4535492426389341E-002   3.5035526583324745E-004
   1.1875000000000000       0.15000000000000002        3.4236219451551843E-002   2.2186185065720837E-004
   1.3125000000000000       0.15000000000000002        3.4045107450477848E-002   1.3696077643714474E-004
   1.4375000000000000       0.15000000000000002        3.3926243797728607E-002   8.1969916192827484E-005
   1.5625000000000000       0.15000000000000002        3.3854576139981191E-002   4.7152859598298790E-005
   1.6875000000000000       0.15000000000000002        3.3813010021721081E-002   2.5686529265026809E-005
   1.8125000000000000       0.15000000000000002        3.3790133689676607E-002   1.2870313342136137E-005
   1.9375000000000000       0.15000000000000002        3.3778500989307965E-002   5.5251634641812842E-006
   2.0625000000000000       0.15000000000000002        3.3773373386069269E-002   1.5430238264105151E-006
   2.1875000000000000       0.15000000000000002        3.3771822293795231E-002  -4.4558404325303410E-007
   2.3125000000000000       0.15000000000000002        3.3772104899013174E-002  -1.3127981099975843E-006
   2.4375000000000000       0.15000000000000002        3.3773242663032284E-002  -1.6062519725021786E-006
   2.5625000000000000       0.15000000000000002        3.3774748135330573E-002  -1.6727349989990288E-006
   2.6875000000000000       0.15000000000000002        3.3776461244212477E-002  -1.7491218082990581E-006
   2.8125000000000000       0.15000000000000002        3.3778470756963747E-002  -2.0353867844835151E-006
   2.9375000000000000       0.15000000000000002        3.3781110958262424E-002  -2.7645918435232647E-006
   3.0625000000000000       0.15000000000000002        3.3785039466342391E-002  -4.2873340937893478E-006
   3.1875000000000000       0.15000000000000002        3.3791422122096827E-002  -7.1945415844675897E-006
   3.3125000000000000       0.15000000000000002        3.3802278842015393E-002  -1.2514727117327376E-005
   3.4375000000000000       0.15000000000000002        3.3821085305575996E-002  -2.2042932135916536E-005
   3.5625000000000000       0.15000000000000002        3.3853785146083913E-002  -3.8892981800900758E-005
   3.6875000000000000       0.15000000000000002        3.3910449342018929E-002  -6.8417470007884547E-005
   3.8125000000000000       0.15000000000000002        3.4007913747100445E-002  -1.1971376420392515E-004
   3.9375000000000000       0.15000000000000002        3.4173772741867336E-002  -2.0801669095695734E-004
   4.0625000000000000       0.15000000000000002        3.4451879885889408E-002  -3.5829511208769412E-004
   4.1875000000000000       0.15000000000000002        3.4908212277981646E-002  -6.0999726290686786E-004
   4.3125000000000000       0.15000000000000002        3.5630961074664159E-002  -1.0206673765103379E-003
   4.4375000000000000       0.15000000000000002        3.6702610352650204E-002  -1.6548850971271943E-003
   4.5625000000000000       0.15000000000000002        3.8084816503865956E-002  -2.4899692555259640E-003
   4.6875000000000000       0.15000000000000002        3.9363104454934253E-002  -2.9354455654975521E-003
   4.8125000000000000       0.15000000000000002        1.9945305387262455E-002   0.0000000000000000     
  -6.2500000000000000E-002  0.25000000000000000        2.8367006088413426E-002   0.0000000000000000     
   6.2500000000000000E-002  0.25000000000000000        5.6673163937424019E-002   5.7374589048744739E-003
  0.18750000000000000       0.25000000000000000        5.5977921934394909E-002   6.4513821980850513E-003
  0.31250000000000000       0.25000000000000000        5.4455730231387667E-002   5.4676676317285313E-003
  0.43750000000000000       0.25000000000000000        5.2703862185433277E-002   4.1810244105607583E-003
  0.56250000000000000       0.25000000000000000        5.1119470302536857E-002   3.0390182905705577E-003
  0.68750000000000000       0.25000000000000000        4.9846376644927748E-002   2.1398403378954083E-003
  0.81250000000000000       0.25000000000000000        4.8890833943673807E-002   1.4702576891500727E-003
  0.93750000000000000       0.25000000000000000        4.8205322705929969E-002   9.8825833746723785E-004
   1.0625000000000000       0.25000000000000000        4.7730019122985336E-002   6.5001486156706506E-004
   1.1875000000000000       0.25000000000000000        4.7409833916924188E-002   4.1787424303918019E-004
   1.3125000000000000       0.25000000000000000        4.7199858920855535E-002   2.6192259051898629E-004
   1.4375000000000000       0.25000000000000000        4.7065840498539818E-002   1.5941614133331547E-004
   1.5625000000000000       0.25000000000000000        4.6982776495780559E-002   9.3591080812580917E-005
   1.6875000000000000       0.25000000000000000        4.6933018176707329E-002   5.2402997394693614E-005
   1.8125000000000000       0.25000000000000000        4.6904455608460453E-002   2.7395661988991962E-005
   1.9375000000000000       0.25000000000000000        4.6888994152571313E-002   1.2761118158521042E-005
   2.0625000000000000       0.25000000000000000        4.6881362846807682E-002   4.5953118820864342E-006
   2.1875000000000000       0.25000000000000000        4.6878225719151054E-002   3.2889426579143465E-007
   2.3125000000000000       0.25000000000000000        4.6877543612930353E-002  -1.6964273536682198E-006
   2.4375000000000000       0.25000000000000000        4.6878132186267664E-002  -2.5373835749078643E-006
   2.5625000000000000       0.25000000000000000        4.6879369249218296E-002  -2.8742542818785110E-006
   2.6875000000000000       0.25000000000000000        4.6881015772069698E-002  -3.1788574448407776E-006
   2.8125000000000000       0.25000000000000000        4.6883127376348151E-002  -3.8510197560329150E-006
   2.9375000000000000       0.25000000000000000        4.6886046481749460E-002  -5.3498026635766923E-006
   3.0625000000000000       0.25000000000000000        4.6890480304891256E-002  -8.3502994940041017E-006
   3.1875000000000000       0.25000000000000000        4.6897688160885097E-002  -1.3967179195318994E-005
   3.3125000000000000       0.25000000000000000        4.6909824898992515E-002  -2.4104868087209702E-005
   3.4375000000000000       0.25000000000000000        4.6930516900682534E-002  -4.2024282058283708E-005
   3.5625000000000000       0.25000000000000000        4.6965780080237565E-002  -7.3259298416850487E-005
   3.6875000000000000       0.25000000000000000        4.7025410864184387E-002  -1.2706867013023850E-004
   3.8125000000000000       0.25000000000000000        4.7124943430180991E-002  -2.1864562491412872E-004
   3.9375000000000000       0.25000000000000000        4.7288037869890671E-002  -3.7223660051449974E-004
   4.0625000000000000       0.25000000000000000        4.7548409203238454E-002  -6.2485006225408951E-004
   4.1875000000000000       0.25000000000000000        4.7948345768129050E-002  -1.0284520771649151E-003
   4.3125000000000000       0.25000000000000000        4.8526040731701595E-002  -1.6425641361566394E-003
   4.4375000000000000       0.25000000000000000        4.9275724242929690E-002  -2.4900525654341461E-003
   4.5625000000000000       0.25000000000000000        5.0065369601724675E-002  -3.3922819468548073E-003
   4.6875000000000000       0.25000000000000000        5.0580853478402708E-002  -3.4681498679885459E-003
   4.8125000000000000       0.25000000000000000        2.5359613848808218E-002   0.0000000000000000     
  -6.2500000000000000E-002  0.35000000000000003        3.1026307342246227E-002   0.0000000000000000     
   6.2500000000000000E-002  0.35000000000000003        6.2406153851366726E-002   5.5033158971092098E-003
  0.18750000000000000       0.35000000000000003        6.2792377978057617E-002   6.9327683056921033E-003
  0.31250000000000000       0.35000000000000003        6.2551057644692140E-002   6.3971378427215321E-003
  0.43750000000000000       0.35000000000000003        6.1867551456927308E-002   5.1999163295210838E-003
  0.56250000000000000       0.35000000000000003        6.1042400054032608E-002   3.9478374549627125E-003
  0.68750000000000000       0.35000000000000003        6.0268395203060966E-002   2.8687874919826250E-003
  0.81250000000000000       0.35000000000000003        5.9628051696507228E-002   2.0181153007018653E-003
  0.93750000000000000       0.35000000000000003        5.9136977256727452E-002   1.3817706548999512E-003
   1.0625000000000000       0.35000000000000003        5.8779446918649648E-002   9.2287417329538852E-004
   1.1875000000000000       0.35000000000000003        5.8529229974753572E-002   6.0144208873551209E-004
   1.3125000000000000       0.35000000000000003        5.8359800597161275E-002   3.8198284357678444E-004
   1.4375000000000000       0.35000000000000003        5.8248471465575588E-002   2.3573629919340270E-004
   1.5625000000000000       0.35000000000000003        5.8177458441651578E-002   1.4063164921279046E-004
   1.6875000000000000       0.35000000000000003        5.8133574781890678E-002   8.0371137583933470E-005
   1.8125000000000000       0.35000000000000003        5.8107431659093260E-002   4.3282757092801872E-005
   1.9375000000000000       0.35000000000000003        5.8092561529792829E-002   2.1225255920417353E-005
   2.0625000000000000       0.35000000000000003        5.8084639301251871E-002   8.6551044594692636E-006
   2.1875000000000000       0.35000000000000003        5.8080856616045846E-002   1.8811309858361417E-006
   2.3125000000000000       0.35000000000000003        5.8079449949631046E-002  -1.5064077360847109E-006
   2.4375000000000000       0.35000000000000003        5.8079361998989686E-002  -3.0616010122812250E-006
   2.5625000000000000       0.35000000000000003        5.8080011120120956E-002  -3.7976143187275906E-006
   2.6875000000000000       0.35000000000000003        5.8081146622799354E-002  -4.4246739674292995E-006
   2.8125000000000000       0.35000000000000003        5.8082774342651987E-002  -5.5451435217337028E-006
   2.9375000000000000       0.35000000000000003        5.8085145330249596E-002  -7.8411574714060794E-006
   3.0625000000000000       0.35000000000000003        5.8088810267047430E-002  -1.2296269723289921E-005
   3.1875000000000000       0.35000000000000003        5.8094753336756441E-002  -2.0505149405173865E-005
   3.3125000000000000       0.35000000000000003        5.8104631212321838E-002  -3.5146607948131485E-005
   3.4375000000000000       0.35000000000000003        5.8121152621674221E-002  -6.0725997597432991E-005
   3.5625000000000000       0.35000000000000003        5.8148632219681209E-002  -1.0472906430507374E-004
   3.6875000000000000       0.35000000000000003        5.8193714619149184E-002  -1.7935099368628207E-004
   3.8125000000000000       0.35000000000000003        5.8266133047529464E-002  -3.0390959155954792E-004
   3.9375000000000000       0.35000000000000003        5.8379021097697097E-002  -5.0774765974687640E-004
   4.0625000000000000       0.35000000000000003        5.8547514477583579E-002  -8.3242286288090083E-004
   4.1875000000000000       0.35000000000000003        5.8782888119367778E-002  -1.3291220518051993E-003
   4.3125000000000000       0.35000000000000003        5.9077504798060100E-002  -2.0397400511888357E-003
   4.4375000000000000       0.35000000000000003        5.9376762404723997E-002  -2.9320275499598626E-003
   4.5625000000000000       0.35000000000000003        5.9552635699469711E-002  -3.7227208434075999E-003
   4.6875000000000000       0.35000000000000003        5.9466336208883738E-002  -3.4810580160977806E-003
   4.8125000000000000       0.35000000000000003        2.9672048666865524E-002   0.0000000000000000     
  -6.2500000000000000E-002  0.45000000000000001        3.2797917147724516E-002   0.0000000000000000     
   6.2500000000000000E-002  0.45000000000000001        6.6153728684454058E-002   4.7741787882585648E-003
  0.18750000000000000       0.45000000000000001        6.7205545515784365E-002   6.5115014515265968E-003
  0.31250000000000000       0.45000000000000001        6.7961709541282486E-002   6.4065764396085221E-003
  0.43750000000000000       0.45000000000000001        6.8294850030375220E-002   5.4708330426560623E-003
  0.56250000000000000       0.45000000000000001        6.8327939898105067E-002   4.3106464327105102E-003
  0.68750000000000000       0.45000000000000001        6.8208048592360446E-002   3.2211829578775242E-003
  0.81250000000000000       0.45000000000000001        6.8037037871679917E-002   2.3148990201588781E-003
  0.93750000000000000       0.45000000000000001        6.7869705104588618E-002   1.6118140887878426E-003
   1.0625000000000000       0.45000000000000001        6.7729051605258300E-002   1.0914822988507304E-003
   1.1875000000000000       0.45000000000000001        6.7620529511235331E-002   7.1993062444604091E-004
   1.3125000000000000       0.45000000000000001        6.7541448740973925E-002   4.6240701609492196E-004
   1.4375000000000000       0.45000000000000001        6.7486242163980886E-002   2.8864304876794394E-004
   1.5625000000000000       0.45000000000000001        6.7449050540988556E-002   1.7438770763383480E-004
   1.6875000000000000       0.45000000000000001        6.7424794989935033E-002   1.0122155789343113E-004
   1.8125000000000000       0.45000000000000001        6.7409479606030387E-002   5.5689808981650835E-005
   1.9375000000000000       0.45000000000000001        6.7400145421041988E-002   2.8267605092599926E-005
   2.0625000000000000       0.45000000000000001        6.7394695600241195E-002   1.2391483624100006E-005
   2.1875000000000000       0.45000000000000001        6.7391697385390290E-002   3.6456382302207676E-006
   2.3125000000000000       0.45000000000000001        6.7390205615791079E-002  -8.8093906704875802E-007
   2.4375000000000000       0.45000000000000001        6.7389622619164646E-002  -3.0840211732890543E-006
   2.5625000000000000       0.45000000000000001        6.7389595796593690E-002  -4.2116715550194166E-006
   2.6875000000000000       0.45000000000000001        6.7389949370800284E-002  -5.1454416934743116E-006
   2.8125000000000000       0.45000000000000001        6.7390646216305528E-002  -6.6325157148686785E-006
   2.9375000000000000       0.45000000000000001        6.7391777164536856E-002  -9.5087444834594754E-006
   3.0625000000000000       0.45000000000000001        6.7393577331588739E-002  -1.4959089351343968E-005
   3.1875000000000000       0.45000000000000001        6.7396470577819084E-002  -2.4874589353969103E-005
   3.3125000000000000       0.45000000000000001        6.7401141938723069E-002  -4.2384584035534215E-005
   3.4375000000000000       0.45000000000000001        6.7408628873440526E-002  -7.2667432068336825E-005
   3.5625000000000000       0.45000000000000001        6.7420394896908112E-002  -1.2416139624764011E-004
   3.6875000000000000       0.45000000000000001        6.7438282348535605E-002  -2.1027609629447090E-004
   3.8125000000000000       0.45000000000000001        6.7464096531548834E-002  -3.5155608466641770E-004
   3.9375000000000000       0.45000000000000001        6.7498296459922558E-002  -5.7776059597513532E-004
   4.0625000000000000       0.45000000000000001        6.7536827839609306E-002  -9.2802183627965719E-004
   4.1875000000000000       0.45000000000000001        6.7564725109105231E-002  -1.4441344296600416E-003
   4.3125000000000000       0.45000000000000001        6.7545825047762881E-002  -2.1452975543520465E-003
   4.4375000000000000       0.45000000000000001        6.7413505043141739E-002  -2.9600181432821292E-003
   4.5625000000000000       0.45000000000000001        6.7086652750812395E-002  -3.5739460176159865E-003
   4.6875000000000000       0.45000000000000001        6.6577488521402217E-002  -3.1534614062954896E-003
   4.8125000000000000       0.45000000000000001        3.3145115895627929E-002   0.0000000000000000     
  -6.2500000000000000E-002  0.55000000000000004        3.3997279438696459E-002   0.0000000000000000     
   6.2500000000000000E-002  0.55000000000000004        6.8641753000278000E-002   3.8101177162475643E-003
  0.18750000000000000       0.55000000000000004        7.0069148000359918E-002   5.4922218664596413E-003
  0.31250000000000000       0.55000000000000004        7.1513572871160905E-002   5.6654316110231065E-003
  0.43750000000000000       0.55000000000000004        7.2662947192455252E-002   5.0260287821653040E-003
  0.56250000000000000       0.55000000000000004        7.3473949627937560E-002   4.0802533214624693E-003
  0.68750000000000000       0.55000000000000004        7.4007869031043338E-002   3.1204411162121613E-003
  0.81250000000000000       0.55000000000000004        7.4344420342116968E-002   2.2833041972957131E-003
  0.93750000000000000       0.55000000000000004        7.4550235431790415E-002   1.6127244423617434E-003
   1.0625000000000000       0.55000000000000004        7.4673000685608587E-002   1.1049870284172052E-003
   1.1875000000000000       0.55000000000000004        7.4744398242025334E-002   7.3623094940041445E-004
   1.3125000000000000       0.55000000000000004        7.4784660074682985E-002   4.7726642131607421E-004
   1.4375000000000000       0.55000000000000004        7.4806412804619832E-002   3.0064906387426802E-004
   1.5625000000000000       0.55000000000000004        7.4817413155810322E-002   1.8343378599445099E-004
   1.6875000000000000       0.55000000000000004        7.4822358121508184E-002   1.0771904246264740E-004
   1.8125000000000000       0.55000000000000004        7.4824044038090370E-002   6.0186549492106442E-005
   1.9375000000000000       0.55000000000000004        7.4824097980240506E-002   3.1280993402078071E-005
   2.0625000000000000       0.55000000000000004        7.4823436058665566E-002   1.4348564048219954E-005
   2.1875000000000000       0.55000000000000004        7.4822548929286012E-002   4.8729869109621624E-006
   2.3125000000000000       0.55000000000000004        7.4821678053919094E-002  -1.4695579932037028E-007
   2.4375000000000000       0.55000000000000004        7.4820922671424331E-002  -2.6810200932677634E-006
   2.5625000000000000       0.55000000000000004        7.4820302461187552E-002  -4.0356932780912946E-006
   2.6875000000000000       0.55000000000000004        7.4819791125575200E-002  -5.1387816187914895E-006
   2.8125000000000000       0.55000000000000004        7.4819329298153561E-002  -6.7756845387423064E-006
   2.9375000000000000       0.55000000000000004        7.4818819636706752E-002  -9.8160219970556007E-006
   3.0625000000000000       0.55000000000000004        7.4818101183752039E-002  -1.5475513151315866E-005
   3.1875000000000000       0.55000000000000004        7.4816892247462671E-002  -2.5668827281868941E-005
   3.3125000000000000       0.55000000000000004        7.4814678445611946E-002  -4.3524427941225749E-005
   3.4375000000000000       0.55000000000000004        7.4810500785393447E-002  -7.4147751803760881E-005
   3.5625000000000000       0.55000000000000004        7.4802560936928567E-002  -1.2571929560885889E-004
   3.6875000000000000       0.55000000000000004        7.4787498303857169E-002  -2.1095961642052214E-004
   3.8125000000000000       0.55000000000000004        7.4759100366669232E-002  -3.4879107970867894E-004
   3.9375000000000000       0.55000000000000004        7.4706103960288969E-002  -5.6547747756457805E-004
   4.0625000000000000       0.55000000000000004        7.4608748853954715E-002  -8.9323808804696173E-004
   4.1875000000000000       0.55000000000000004        7.4434270845749120E-002  -1.3616482214667703E-003
   4.3125000000000000       0.55000000000000004        7.4133720081626053E-002  -1.9722197005982412E-003
   4.4375000000000000       0.55000000000000004        7.3648878470644288E-002  -2.6393647290204191E-003
   4.5625000000000000       0.55000000000000004        7.2952096624866763E-002  -3.0756910943481475E-003
   4.6875000000000000       0.55000000000000004        7.2161563474319984E-002  -2.6119579706197281E-003
   4.8125000000000000       0.55000000000000004        3.5885970532426460E-002   0.0000000000000000     
  -6.2500000000000000E-002  0.65000000000000002        3.4793671261270032E-002   0.0000000000000000     
   6.2500000000000000E-002  0.65000000000000002        7.0267304914789344E-002   2.7484022430997145E-003
  0.18750000000000000       0.65000000000000002        7.1891846501173778E-002   4.1124168827379910E-003
  0.31250000000000000       0.65000000000000002        7.3772099744773764E-002   4.3855408128951751E-003
  0.43750000000000000       0.65000000000000002        7.5505082149595684E-002   4.0000969660525321E-003
  0.56250000000000000       0.65000000000000002        7.6925890100810523E-002   3.3208133063732338E-003
  0.68750000000000000       0.65000000000000002        7.8010627378226116E-002   2.5850433179699078E-003
  0.81250000000000000       0.65000000000000002        7.8799789676528148E-002   1.9182269196832435E-003
  0.93750000000000000       0.65000000000000002        7.9353683449234241E-002   1.3701360197265753E-003
   1.0625000000000000       0.65000000000000002        7.9731208872532891E-002   9.4744739362882270E-004
   1.1875000000000000       0.65000000000000002        7.9981848679844716E-002   6.3624611180359083E-004
   1.3125000000000000       0.65000000000000002        8.0144044990547628E-002   4.1538931547144384E-004
   1.4375000000000000       0.65000000000000002        8.0246232193672037E-002   2.6347655463784185E-004
   1.5625000000000000       0.65000000000000002        8.0308711082201431E-002   1.6192196648651916E-004
   1.6875000000000000       0.65000000000000002        8.0345566283589062E-002   9.5885809020255594E-005
   1.8125000000000000       0.65000000000000002        8.0366323461833561E-002   5.4155944226370065E-005
   1.9375000000000000       0.65000000000000002        8.0377268172591623E-002   2.8598597279623048E-005
   2.0625000000000000       0.65000000000000002        8.0382443191966108E-002   1.3501544116636338E-005
   2.1875000000000000       0.65000000000000002        8.0384375008478740E-002   4.9603994460629691E-006
   2.3125000000000000       0.65000000000000002        8.0384586402845890E-002   3.6442240797395377E-007
   2.4375000000000000       0.65000000000000002        8.0383946516140128E-002  -2.0099105910198921E-006
   2.5625000000000000       0.65000000000000002        8.0382899917711595E-002  -3.3120102595379704E-006
   2.6875000000000000       0.65000000000000002        8.0381605167169135E-002  -4.3611730890351332E-006
   2.8125000000000000       0.65000000000000002        8.0380002291863692E-002  -5.8500311681765406E-006
   2.9375000000000000       0.65000000000000002        8.0377817311216418E-002  -8.5393843455263245E-006
   3.0625000000000000       0.65000000000000002        8.0374499426884793E-002  -1.3481416853864429E-005
   3.1875000000000000       0.65000000000000002        8.0369071076938456E-002  -2.2316314633888819E-005
   3.3125000000000000       0.65000000000000002        8.0359850493535057E-002  -3.7697473955756506E-005
   3.4375000000000000       0.65000000000000002        8.0343978425089405E-002  -6.3907674783939252E-005
   3.5625000000000000       0.65000000000000002        8.0316644632303494E-002  -1.0771774762606801E-004
   3.6875000000000000       0.65000000000000002        8.0269871501112533E-002  -1.7947412753355248E-004
   3.8125000000000000       0.65000000000000002        8.0190696766325828E-002  -2.9420396027642559E-004
   3.9375000000000000       0.65000000000000002        8.0058679951790737E-002  -4.7204309061723600E-004
   4.0625000000000000       0.65000000000000002        7.9843029720892342E-002  -7.3626033135563160E-004
   4.1875000000000000       0.65000000000000002        7.9500747110671247E-002  -1.1052121290776316E-003
   4.3125000000000000       0.65000000000000002        7.8979847897147973E-002  -1.5714924194848415E-003
   4.4375000000000000       0.65000000000000002        7.8237185719187086E-002  -2.0580870121346111E-003
   4.5625000000000000       0.65000000000000002        7.7289087981149460E-002  -2.3410641237767826E-003
   4.6875000000000000       0.65000000000000002        7.6320523844307764E-002  -1.9393066604808651E-003
   4.8125000000000000       0.65000000000000002        3.7934666134655404E-002   0.0000000000000000     
  -6.2500000000000000E-002  0.75000000000000000        3.5282133266523574E-002   0.0000000000000000     
   6.2500000000000000E-002  0.75000000000000000        7.1252756918069302E-002   1.6536497614739578E-003
  0.18750000000000000       0.75000000000000000        7.2972063463279072E-002   2.5321196747336138E-003
  0.31250000000000000       0.75000000000000000        7.5101636463587945E-002   2.7580237405261509E-003
  0.43750000000000000       0.75000000000000000        7.7201348459079555E-002   2.5615212907256131E-003
  0.56250000000000000       0.75000000000000000        7.9031945053793878E-002   2.1583418290154490E-003
  0.68750000000000000       0.75000000000000000        8.0506314529338846E-002   1.7003169289459116E-003
  0.81250000000000000       0.75000000000000000        8.1628689184889150E-002   1.2738195603988955E-003
  0.93750000000000000       0.75000000000000000        8.2447008884778517E-002   9.1687399135805838E-004
   1.0625000000000000       0.75000000000000000        8.3022956042956758E-002   6.3803583916499651E-004
   1.1875000000000000       0.75000000000000000        8.3416049364678238E-002   4.3077657707280502E-004
   1.3125000000000000       0.75000000000000000        8.3676803858309015E-002   2.8260277096758889E-004
   1.4375000000000000       0.75000000000000000        8.3844972292649936E-002   1.8008091161180823E-004
   1.5625000000000000       0.75000000000000000        8.3950262752969740E-002   1.1120118314247945E-004
   1.6875000000000000       0.75000000000000000        8.4014022973217570E-002   6.6209324757740830E-005
   1.8125000000000000       0.75000000000000000        8.4051103936848393E-002   3.7652540962374354E-005
   1.9375000000000000       0.75000000000000000        8.4071542541909350E-002   2.0081258046681391E-005
   2.0625000000000000       0.75000000000000000        8.4081935798372809E-002   9.6453148155082637E-006
   2.1875000000000000       0.75000000000000000        8.4086494634617259E-002   3.7002398073861537E-006
   2.3125000000000000       0.75000000000000000        8.4087815165017815E-002   4.7024020550318856E-007
   2.4375000000000000       0.75000000000000000        8.4087420237802982E-002  -1.2216118037141564E-006
   2.5625000000000000       0.75000000000000000        8.4086121894709751E-002  -2.1630162131535524E-006
   2.6875000000000000       0.75000000000000000        8.4084245409164884E-002  -2.9167608800923085E-006
   2.8125000000000000       0.75000000000000000        8.4081742265663589E-002  -3.9581333729719506E-006
   2.9375000000000000       0.75000000000000000        8.4078204302353396E-002  -5.8063541884664910E-006
   3.0625000000000000       0.75000000000000000        8.4072774016373975E-002  -9.1742512772365998E-006
   3.1875000000000000       0.75000000000000000        8.4063925510853010E-002  -1.5165220860361361E-005
   3.3125000000000000       0.75000000000000000        8.4049065391642336E-002  -2.5552052743456313E-005
   3.4375000000000000       0.75000000000000000        8.4023873183736844E-002  -4.3174433108318304E-005
   3.5625000000000000       0.75000000000000000        8.3981271595183274E-002  -7.2479979293990174E-005
   3.6875000000000000       0.75000000000000000        8.3909906086544944E-002  -1.2018256641039622E-004
   3.8125000000000000       0.75000000000000000        8.3792067496199607E-002  -1.9587039909316044E-004
   3.9375000000000000       0.75000000000000000        8.3601216669793033E-002  -3.1207161839388062E-004
   4.0625000000000000       0.75000000000000000        8.3299878781347730E-002  -4.8263344336886419E-004
   4.1875000000000000       0.75000000000000000        8.2840040165087711E-002  -7.1713669037484871E-004
   4.3125000000000000       0.75000000000000000        8.2170821185670248E-002  -1.0074699205541485E-003
   4.4375000000000000       0.75000000000000000        8.1262478847137873E-002  -1.3013039379231701E-003
   4.5625000000000000       0.75000000000000000        8.0160912917238911E-002  -1.4581152485225357E-003
   4.6875000000000000       0.75000000000000000        7.9089011391791156E-002  -1.1898825584129983E-003
   4.8125000000000000       0.75000000000000000        3.9301711495493497E-002   0.0000000000000000     
  -6.2500000000000000E-002  0.85000000000000009        3.5514741295286069E-002   0.0000000000000000     
   6.2500000000000000E-002  0.85000000000000009        7.1718777631186684E-002   5.5143116187337182E-004
  0.18750000000000000       0.85000000000000009        7.3475257273204336E-002   8.5373814244243148E-004
  0.31250000000000000       0.85000000000000009        7.5716854206072298E-002   9.3951604426428955E-004
  0.43750000000000000       0.85000000000000009        7.7991772706180781E-002   8.8038736694992948E-004
  0.56250000000000000       0.85000000000000009        8.0026460566462523E-002   7.4732467666202996E-004
  0.68750000000000000       0.85000000000000009        8.1701019620767673E-002   5.9227879662536540E-004
  0.81250000000000000       0.85000000000000009        8.2998757427342890E-002   4.4586353985450405E-004
  0.93750000000000000       0.85000000000000009        8.3958876101329960E-002   3.2218070375446072E-004
   1.0625000000000000       0.85000000000000009        8.4642819117298609E-002   2.2492146863515528E-004
   1.1875000000000000       0.85000000000000009        8.5114379039195137E-002   1.5227376381366441E-004
   1.3125000000000000       0.85000000000000009        8.5429961909224236E-002   1.0014025309154577E-004
   1.4375000000000000       0.85000000000000009        8.5635150914962974E-002   6.3959794120749982E-005
   1.5625000000000000       0.85000000000000009        8.5764649849055463E-002   3.9589831235439235E-005
   1.6875000000000000       0.85000000000000009        8.5843740426809742E-002   2.3635100870247508E-005
   1.8125000000000000       0.85000000000000009        8.5890198565444789E-002   1.3486101866404845E-005
   1.9375000000000000       0.85000000000000009        8.5916143420821309E-002   7.2268320104431226E-006
   2.0625000000000000       0.85000000000000009        8.5929601880277595E-002   3.4994138194569651E-006
   2.1875000000000000       0.85000000000000009        8.5935734802653027E-002   1.3688613538533271E-006
   2.3125000000000000       0.85000000000000009        8.5937747830219763E-002   2.0596515106212494E-007
   2.4375000000000000       0.85000000000000009        8.5937537805800768E-002  -4.0711443061133430E-007
   2.5625000000000000       0.85000000000000009        8.5936129086721880E-002  -7.5052806341494048E-007
   2.6875000000000000       0.85000000000000009        8.5933945356593655E-002  -1.0246624704008962E-006
   2.8125000000000000       0.85000000000000009        8.5930948392764966E-002  -1.3986540171616274E-006
   2.9375000000000000       0.85000000000000009        8.5926658228623012E-002  -2.0567617214747864E-006
   3.0625000000000000       0.85000000000000009        8.5920049545849184E-002  -3.2510122379491755E-006
   3.1875000000000000       0.85000000000000009        8.5909296101724736E-002  -5.3701284000561381E-006
   3.3125000000000000       0.85000000000000009        8.5891307817443904E-002  -9.0364730793357893E-006
   3.4375000000000000       0.85000000000000009        8.5860975402729509E-002  -1.5243076889215055E-005
   3.5625000000000000       0.85000000000000009        8.5810013470379615E-002  -2.5537818403358652E-005
   3.6875000000000000       0.85000000000000009        8.5725299394843468E-002  -4.2242647421216769E-005
   3.8125000000000000       0.85000000000000009        8.5586699139146460E-002  -6.8644784543479216E-005
   3.9375000000000000       0.85000000000000009        8.5364671023488589E-002  -1.0898316442004682E-004
   4.0625000000000000       0.85000000000000009        8.5018656671168424E-002  -1.6783224585965802E-004
   4.1875000000000000       0.85000000000000009        8.4498724651175722E-002  -2.4811603906394858E-004
   4.3125000000000000       0.85000000000000009        8.3755458175434325E-002  -3.4649882966412558E-004
   4.4375000000000000       0.85000000000000009        8.2766647515955610E-002  -4.4455067490566840E-004
   4.5625000000000000       0.85000000000000009        8.1592794437501157E-002  -4.9453229312998925E-004
   4.6875000000000000       0.85000000000000009        8.0473746988174777E-002  -4.0070588864119156E-004
   4.8125000000000000       0.85000000000000009        3.9986432351326116E-002   0.0000000000000000     
