   0.0000000000000000        0.0000000000000000        8.0294372730282189E-004   0.0000000000000000     
  0.10000000000000001        0.0000000000000000        7.8793734605033612E-004   8.1445971143374675E-006
  0.20000000000000001        0.0000000000000000        7.7180714676954628E-004   4.6480359532808148E-006
  0.30000000000000004        0.0000000000000000        7.5940706102499899E-004   4.4180527712162797E-006
  0.40000000000000002        0.0000000000000000        7.4753991729959205E-004   4.1196270912006109E-006
  0.50000000000000000        0.0000000000000000        7.3614487532568324E-004   3.9510383068268606E-006
  0.60000000000000009        0.0000000000000000        7.2508560616972822E-004   3.7890399139857603E-006
  0.70000000000000007        0.0000000000000000        7.1435081300202680E-004   3.6313880687316603E-006
  0.80000000000000004        0.0000000000000000        7.0393402037980735E-004   3.4750882334296087E-006
  0.90000000000000002        0.0000000000000000        6.9383062811418652E-004   3.3209233503307562E-006
   1.0000000000000000        0.0000000000000000        6.8403547652248764E-004   3.1684457543596415E-006
   1.1000000000000001        0.0000000000000000        6.7454530506099179E-004   3.0161122723314261E-006
   1.2000000000000002        0.0000000000000000        6.6536016298300051E-004   2.8622044584827336E-006
   1.3000000000000000        0.0000000000000000        6.5648184073447888E-004   2.7068813533234284E-006
   1.4000000000000001        0.0000000000000000        6.4790408465818881E-004   2.5583240084710409E-006
   1.5000000000000000        0.0000000000000000        6.3959588413112830E-004   2.4334881491978713E-006
   1.6000000000000001        0.0000000000000000        6.3139506490159482E-004   2.4470066893773994E-006
   1.7000000000000002        0.0000000000000000        6.2312343926568064E-004   2.5006876456691565E-006
   1.8000000000000000        0.0000000000000000        6.1189696731481062E-004   5.3989621779698398E-006
   1.9000000000000001        0.0000000000000000        6.0268025567525177E-004   4.8906044358166460E-007
   0.0000000000000000       0.10000000000000001        5.3532414174945371E-003   0.0000000000000000     
  0.10000000000000001       0.10000000000000001        5.3559755683015983E-003   1.3608005049407741E-005
  0.20000000000000001       0.10000000000000001        5.3516660149968342E-003   1.2949538611122250E-005
  0.30000000000000004       0.10000000000000001        5.3397622952967216E-003   1.3752652100671509E-005
  0.40000000000000002       0.10000000000000001        5.3259885192287722E-003   1.3767310541316952E-005
  0.50000000000000000       0.10000000000000001        5.3117129496454644E-003   1.3325504207103248E-005
  0.60000000000000009       0.10000000000000001        5.2980312482158887E-003   1.2517453906153824E-005
  0.70000000000000007       0.10000000000000001        5.2855728042569793E-003   1.1467772316836391E-005
  0.80000000000000004       0.10000000000000001        5.2747443549703418E-003   1.0263605062642592E-005
  0.90000000000000002       0.10000000000000001        5.2658081453537328E-003   8.9575392112436391E-006
   1.0000000000000000       0.10000000000000001        5.2589531179593352E-003   7.5707364707620948E-006
   1.1000000000000001       0.10000000000000001        5.2543468269513486E-003   6.0993501133557659E-006
   1.2000000000000002       0.10000000000000001        5.2521751984528960E-003   4.5223798805196115E-006
   1.3000000000000000       0.10000000000000001        5.2526703374474008E-003   2.8117100763748039E-006
   1.4000000000000001       0.10000000000000001        5.2561300614794894E-003   9.4672006873514766E-007
   1.5000000000000000       0.10000000000000001        5.2629201794871091E-003  -1.0693076328644099E-006
   1.6000000000000001       0.10000000000000001        5.2735681126415378E-003  -3.1376654064968853E-006
   1.7000000000000002       0.10000000000000001        5.2884990097442665E-003  -5.2214792676326999E-006
   1.8000000000000000       0.10000000000000001        5.3113064456312290E-003  -5.1131838260136372E-006
   1.9000000000000001       0.10000000000000001        5.3370193055368330E-003  -1.2152024485910671E-005
   0.0000000000000000       0.20000000000000001        9.4604705414836690E-003   0.0000000000000000     
  0.10000000000000001       0.20000000000000001        9.4563022236727953E-003   1.4587186883520884E-005
  0.20000000000000001       0.20000000000000001        9.4434526398558434E-003   2.2455494724449173E-005
  0.30000000000000004       0.20000000000000001        9.4265395049999128E-003   2.6396690232526889E-005
  0.40000000000000002       0.20000000000000001        9.4070767791225238E-003   2.7701981021533436E-005
  0.50000000000000000       0.20000000000000001        9.3870076480182269E-003   2.7087916509930662E-005
  0.60000000000000009       0.20000000000000001        9.3676401147210157E-003   2.5167030731594666E-005
  0.70000000000000007       0.20000000000000001        9.3499148291265252E-003   2.2374332133553573E-005
  0.80000000000000004       0.20000000000000001        9.3344724943375673E-003   1.9008335464425480E-005
  0.90000000000000002       0.20000000000000001        9.3217600962695862E-003   1.5247795352051016E-005
   1.0000000000000000       0.20000000000000001        9.3121118320535889E-003   1.1173348710386797E-005
   1.1000000000000001       0.20000000000000001        9.3058164125810385E-003   6.7883647965954606E-006
   1.2000000000000002       0.20000000000000001        9.3031675885164259E-003   2.0413119553194743E-006
   1.3000000000000000       0.20000000000000001        9.3044963604066618E-003  -3.1484593296320507E-006
   1.4000000000000001       0.20000000000000001        9.3101796754608175E-003  -8.8601031537257717E-006
   1.5000000000000000       0.20000000000000001        9.3206251522741940E-003  -1.5129706754466307E-005
   1.6000000000000001       0.20000000000000001        9.3361800045610437E-003  -2.1919550128444567E-005
   1.7000000000000002       0.20000000000000001        9.3571153550819578E-003  -2.8952553440140440E-005
   1.8000000000000000       0.20000000000000001        9.3825373712817343E-003  -3.6264053948435248E-005
   1.9000000000000001       0.20000000000000001        9.4112186863166310E-003  -4.2051554851181609E-005
   0.0000000000000000       0.30000000000000004        1.2988674968108486E-002   0.0000000000000000     
  0.10000000000000001       0.30000000000000004        1.2984132613922630E-002   2.1832727748084323E-005
  0.20000000000000001       0.30000000000000004        1.2970887505444804E-002   3.4631959436984078E-005
  0.30000000000000004       0.30000000000000004        1.2953434959329572E-002   4.1920359279948008E-005
  0.40000000000000002       0.30000000000000004        1.2933879392440535E-002   4.4540125343702286E-005
  0.50000000000000000       0.30000000000000004        1.2913771642084347E-002   4.3780350782178184E-005
  0.60000000000000009       0.30000000000000004        1.2894351410087714E-002   4.0626432465457210E-005
  0.70000000000000007       0.30000000000000004        1.2876533258696792E-002   3.5832092255896599E-005
  0.80000000000000004       0.30000000000000004        1.2860987409289221E-002   2.9920585065190554E-005
  0.90000000000000002       0.30000000000000004        1.2848206184774651E-002   2.3216868289602015E-005
   1.0000000000000000       0.30000000000000004        1.2838570332210262E-002   1.5879292207553806E-005
   1.1000000000000001       0.30000000000000004        1.2832405251402848E-002   7.9341627054737793E-006
   1.2000000000000002       0.30000000000000004        1.2830023909802077E-002  -6.8549961164766586E-007
   1.3000000000000000       0.30000000000000004        1.2831751263565873E-002  -1.0093771674190483E-005
   1.4000000000000001       0.30000000000000004        1.2837924591045203E-002  -2.0394057072983094E-005
   1.5000000000000000       0.30000000000000004        1.2848859241462746E-002  -3.1606176341330646E-005
   1.6000000000000001       0.30000000000000004        1.2864781857936871E-002  -4.3558715185483134E-005
   1.7000000000000002       0.30000000000000004        1.2885669043409199E-002  -5.5781302122089784E-005
   1.8000000000000000       0.30000000000000004        1.2911253687619452E-002  -6.7093123582020542E-005
   1.9000000000000001       0.30000000000000004        1.2940706394727197E-002  -7.6011398148325955E-005
   0.0000000000000000       0.40000000000000002        1.5955833013158303E-002   0.0000000000000000     
  0.10000000000000001       0.40000000000000002        1.5951022797564537E-002   2.8503099189170357E-005
  0.20000000000000001       0.40000000000000002        1.5939715232077541E-002   4.5843228871413034E-005
  0.30000000000000004       0.40000000000000002        1.5925625378447182E-002   5.5587596817629756E-005
  0.40000000000000002       0.40000000000000002        1.5910179454383423E-002   5.9219554956694995E-005
  0.50000000000000000       0.40000000000000002        1.5894444534971030E-002   5.8298945086938494E-005
  0.60000000000000009       0.40000000000000002        1.5879244827286278E-002   5.4093507266558293E-005
  0.70000000000000007       0.40000000000000002        1.5865226820037881E-002   4.7576561574578601E-005
  0.80000000000000004       0.40000000000000002        1.5852890324659811E-002   3.9441948744413263E-005
  0.90000000000000002       0.40000000000000002        1.5842623558834000E-002   3.0132859785152984E-005
   1.0000000000000000       0.40000000000000002        1.5834737118940626E-002   1.9878159959263756E-005
   1.1000000000000001       0.40000000000000002        1.5829495507435384E-002   8.7348978029326700E-006
   1.2000000000000002       0.40000000000000002        1.5827141448586692E-002  -3.3603419544753873E-006
   1.3000000000000000       0.40000000000000002        1.5827908487970620E-002  -1.6527646974985100E-005
   1.4000000000000001       0.40000000000000002        1.5832017210756968E-002  -3.0863180045385806E-005
   1.5000000000000000       0.40000000000000002        1.5839652343303361E-002  -4.6335455107991972E-005
   1.6000000000000001       0.40000000000000002        1.5850917678163171E-002  -6.2653874627505333E-005
   1.7000000000000002       0.40000000000000002        1.5865792795170544E-002  -7.9092142654844637E-005
   1.8000000000000000       0.40000000000000002        1.5884077018544968E-002  -9.4300627386262477E-005
   1.9000000000000001       0.40000000000000002        1.5905494271909182E-002  -1.0632706387264198E-004
   0.0000000000000000       0.50000000000000000        1.8370026654562995E-002   0.0000000000000000     
  0.10000000000000001       0.50000000000000000        1.8365988766222259E-002   3.2909314744823669E-005
  0.20000000000000001       0.50000000000000000        1.8359354913269024E-002   5.2709231582101971E-005
  0.30000000000000004       0.50000000000000000        1.8351804389039085E-002   6.3699913063729484E-005
  0.40000000000000002       0.50000000000000000        1.8343919349859940E-002   6.7785213325363670E-005
  0.50000000000000000       0.50000000000000000        1.8336022118489340E-002   6.6722628463390584E-005
  0.60000000000000009       0.50000000000000000        1.8328363527244013E-002   6.1895690973049465E-005
  0.70000000000000007       0.50000000000000000        1.8321162028061146E-002   5.4371110663244022E-005
  0.80000000000000004       0.50000000000000000        1.8314612541197248E-002   4.4918713325315048E-005
  0.90000000000000002       0.50000000000000000        1.8308885440457268E-002   3.4041172273751411E-005
   1.0000000000000000       0.50000000000000000        1.8304126941599171E-002   2.2009201195769215E-005
   1.1000000000000001       0.50000000000000000        1.8300461243611260E-002   8.9059272901113266E-006
   1.2000000000000002       0.50000000000000000        1.8297992777687611E-002  -5.3165012199729665E-006
   1.3000000000000000       0.50000000000000000        1.8296806354611637E-002  -2.0764573047559854E-005
   1.4000000000000001       0.50000000000000000        1.8296964043761004E-002  -3.7511756301711376E-005
   1.5000000000000000       0.50000000000000000        1.8298499631795882E-002  -5.5484358682298448E-005
   1.6000000000000001       0.50000000000000000        1.8301416723195268E-002  -7.4322023018431072E-005
   1.7000000000000002       0.50000000000000000        1.8305698429450803E-002  -9.3222652531585633E-005
   1.8000000000000000       0.50000000000000000        1.8311354279434370E-002  -1.1075780414500592E-004
   1.9000000000000001       0.50000000000000000        1.8318450677389828E-002  -1.2503488341056724E-004
   0.0000000000000000       0.60000000000000009        2.0252317612587181E-002   0.0000000000000000     
  0.10000000000000001       0.60000000000000009        2.0249570419480833E-002   3.3154520354507728E-005
  0.20000000000000001       0.60000000000000009        2.0249160759293651E-002   5.2840171739816530E-005
  0.30000000000000004       0.60000000000000009        2.0250035329395240E-002   6.3584701915100770E-005
  0.40000000000000002       0.60000000000000009        2.0251644016482981E-002   6.7525623061973056E-005
  0.50000000000000000       0.60000000000000009        2.0253469327983477E-002   6.6413166363167792E-005
  0.60000000000000009       0.60000000000000009        2.0255118501311058E-002   6.1583977904196391E-005
  0.70000000000000007       0.60000000000000009        2.0256323660652057E-002   5.4058230890304641E-005
  0.80000000000000004       0.60000000000000009        2.0256915535174624E-002   4.4576380181436003E-005
  0.90000000000000002       0.60000000000000009        2.0256790351232113E-002   3.3628846391983922E-005
   1.0000000000000000       0.60000000000000009        2.0255878906441600E-002   2.1487734010934203E-005
   1.1000000000000001       0.60000000000000009        2.0254121160947602E-002   8.2474500041376985E-006
   1.2000000000000002       0.60000000000000009        2.0251447369353047E-002  -6.1215677157070250E-006
   1.3000000000000000       0.60000000000000009        2.0247766679965168E-002  -2.1703007572021412E-005
   1.4000000000000001       0.60000000000000009        2.0242965108644043E-002  -3.8546672337788823E-005
   1.5000000000000000       0.60000000000000009        2.0236916689959025E-002  -5.6561511710935922E-005
   1.6000000000000001       0.60000000000000009        2.0229513555771263E-002  -7.5391591767943225E-005
   1.7000000000000002       0.60000000000000009        2.0220721778860282E-002  -9.4282985704616308E-005
   1.8000000000000000       0.60000000000000009        2.0210662372573102E-002  -1.1193966456200415E-004
   1.9000000000000001       0.60000000000000009        2.0199666561044313E-002  -1.2660309042617773E-004
   0.0000000000000000       0.70000000000000007        2.1629360130207907E-002   0.0000000000000000     
  0.10000000000000001       0.70000000000000007        2.1628058874134951E-002   2.8490416380496505E-005
  0.20000000000000001       0.70000000000000007        2.1634088078634459E-002   4.5219017313159677E-005
  0.30000000000000004       0.70000000000000007        2.1643537444599320E-002   5.4223349336610311E-005
  0.40000000000000002       0.70000000000000007        2.1654692904446753E-002   5.7473330648686501E-005
  0.50000000000000000       0.70000000000000007        2.1666218678565840E-002   5.6475057912026890E-005
  0.60000000000000009       0.70000000000000007        2.1677117358522961E-002   5.2345298791834259E-005
  0.70000000000000007       0.70000000000000007        2.1686663455676058E-002   4.5926381641634182E-005
  0.80000000000000004       0.70000000000000007        2.1694338743194173E-002   3.7829905113688981E-005
  0.90000000000000002       0.70000000000000007        2.1699769513164883E-002   2.8464456958573764E-005
   1.0000000000000000       0.70000000000000007        2.1702669727181632E-002   1.8061285019092714E-005
   1.1000000000000001       0.70000000000000007        2.1702792900923740E-002   6.7067525737770974E-006
   1.2000000000000002       0.70000000000000007        2.1699895667416903E-002  -5.6139745354698606E-006
   1.3000000000000000       0.70000000000000007        2.1693716439670236E-002  -1.8959623099313658E-005
   1.4000000000000001       0.70000000000000007        2.1683973406862435E-002  -3.3361009551433451E-005
   1.5000000000000000       0.70000000000000007        2.1670386913750034E-002  -4.8735484888319994E-005
   1.6000000000000001       0.70000000000000007        2.1652731600768912E-002  -6.4790257067643683E-005
   1.7000000000000002       0.70000000000000007        2.1630921468822464E-002  -8.0920704065593144E-005
   1.8000000000000000       0.70000000000000007        2.1605127404720904E-002  -9.6092544825547945E-005
   1.9000000000000001       0.70000000000000007        2.1575882041564798E-002  -1.0885683507781610E-004
   0.0000000000000000       0.80000000000000004        2.2528464541569093E-002   0.0000000000000000     
  0.10000000000000001       0.80000000000000004        2.2528376137434886E-002   1.9254724808628927E-005
  0.20000000000000001       0.80000000000000004        2.2539659657506639E-002   3.0477582109129108E-005
  0.30000000000000004       0.80000000000000004        2.2556057952576081E-002   3.6459865238666289E-005
  0.40000000000000002       0.80000000000000004        2.2574899884858234E-002   3.8591238250362300E-005
  0.50000000000000000       0.80000000000000004        2.2594199592705585E-002   3.7893668093635723E-005
  0.60000000000000009       0.80000000000000004        2.2612489953583382E-002   3.5110029967048382E-005
  0.70000000000000007       0.80000000000000004        2.2628692603034194E-002   3.0794950122677614E-005
  0.80000000000000004       0.80000000000000004        2.2642018239647638E-002   2.5350570103615903E-005
  0.90000000000000002       0.80000000000000004        2.2651880534345324E-002   1.9046770519319996E-005
   1.0000000000000000       0.80000000000000004        2.2657820402387303E-002   1.2038143719934344E-005
   1.1000000000000001       0.80000000000000004        2.2659441815107383E-002   4.3849145340879243E-006
   1.2000000000000002       0.80000000000000004        2.2656362827558479E-002  -3.9187177770551705E-006
   1.3000000000000000       0.80000000000000004        2.2648186812905681E-002  -1.2907248349437734E-005
   1.4000000000000001       0.80000000000000004        2.2634499535370108E-002  -2.2597300783191035E-005
   1.5000000000000000       0.80000000000000004        2.2614897725281309E-002  -3.2932781352046191E-005
   1.6000000000000001       0.80000000000000004        2.2589054058841099E-002  -4.3723734455226191E-005
   1.7000000000000002       0.80000000000000004        2.2556821527273500E-002  -5.4581522474977031E-005
   1.8000000000000000       0.80000000000000004        2.2518380408888383E-002  -6.4839279094794754E-005
   1.9000000000000001       0.80000000000000004        2.2474403885385491E-002  -7.3534679533230105E-005
   0.0000000000000000       0.90000000000000002        2.2971800383928428E-002   0.0000000000000000     
  0.10000000000000001       0.90000000000000002        2.2972399424469412E-002   6.8036644273531200E-006
  0.20000000000000001       0.90000000000000002        2.2986626220391569E-002   1.0754766454720670E-005
  0.30000000000000004       0.90000000000000002        2.3006903557409340E-002   1.2850633194180674E-005
  0.40000000000000002       0.90000000000000002        2.3030022709931021E-002   1.3592044522695002E-005
  0.50000000000000000       0.90000000000000002        2.3053637514910724E-002   1.3341192995800634E-005
  0.60000000000000009       0.90000000000000002        2.3076024176919768E-002   1.2358709646888744E-005
  0.70000000000000007       0.90000000000000002        2.3095912584629393E-002   1.0838105912234881E-005
  0.80000000000000004       0.90000000000000002        2.3112365853312083E-002   8.9195141604830820E-006
  0.90000000000000002       0.90000000000000002        2.3124681118359983E-002   6.6971586656678434E-006
   1.0000000000000000       0.90000000000000002        2.3132303792855354E-002   4.2253172617009154E-006
   1.1000000000000001       0.90000000000000002        2.3134755032579880E-002   1.5255467273672098E-006
   1.2000000000000002       0.90000000000000002        2.3131576235486298E-002  -1.4035155468644948E-006
   1.3000000000000000       0.90000000000000002        2.3122296264918119E-002  -4.5732231280636763E-006
   1.4000000000000001       0.90000000000000002        2.3106427673063125E-002  -7.9888294542276333E-006
   1.5000000000000000       0.90000000000000002        2.3083497833574239E-002  -1.1630639231429020E-005
   1.6000000000000001       0.90000000000000002        2.3053119809161662E-002  -1.5433083611687140E-005
   1.7000000000000002       0.90000000000000002        2.3015106442649893E-002  -1.9262378642008006E-005
   1.8000000000000000       0.90000000000000002        2.2969635265630003E-002  -2.2888006434938745E-005
   1.9000000000000001       0.90000000000000002        2.2917452415173001E-002  -2.5972187117029795E-005
