  -5.0000000000000003E-002  -5.0000000000000003E-002   7.6146077258240229E-004   0.0000000000000000     
   5.0000000000000003E-002  -5.0000000000000003E-002   1.4334395314308844E-003   8.9488343270572714E-005
  0.15000000000000002       -5.0000000000000003E-002   1.3033859152532220E-003   4.0584179559682088E-005
  0.25000000000000000       -5.0000000000000003E-002   1.2487974363517961E-003   1.4035538896351666E-005
  0.35000000000000003       -5.0000000000000003E-002   1.2296797924820459E-003   5.1252751144109643E-006
  0.45000000000000001       -5.0000000000000003E-002   1.2223531450929559E-003   2.2559186403251621E-006
  0.55000000000000004       -5.0000000000000003E-002   1.2189768966133906E-003   1.1855544068291480E-006
  0.65000000000000002       -5.0000000000000003E-002   1.2171563729177937E-003   7.1004108374192720E-007
  0.75000000000000000       -5.0000000000000003E-002   1.2160638453719017E-003   4.6645428297718477E-007
  0.85000000000000009       -5.0000000000000003E-002   1.2153606689495604E-003   3.2852908981625243E-007
  0.95000000000000007       -5.0000000000000003E-002   1.2148854659581728E-003   2.4517349291001221E-007
   1.0500000000000000       -5.0000000000000003E-002   1.2145516063829212E-003   1.9265964273863711E-007
   1.1500000000000001       -5.0000000000000003E-002   1.2143084588736041E-003   1.5866297459432904E-007
   1.2500000000000000       -5.0000000000000003E-002   1.2141246488400752E-003   1.3621670209381836E-007
   1.3500000000000001       -5.0000000000000003E-002   1.2139799424613754E-003   1.2113182531721929E-007
   1.4500000000000002       -5.0000000000000003E-002   1.2138609321429344E-003   1.1077577463763563E-007
   1.5500000000000000       -5.0000000000000003E-002   1.2137585731953758E-003   1.0344232966072724E-007
   1.6500000000000001       -5.0000000000000003E-002   1.2136666987240443E-003   9.8002963074701218E-008
   1.7500000000000000       -5.0000000000000003E-002   1.2135810866407844E-003   9.3702547133608092E-008
   1.8500000000000001       -5.0000000000000003E-002   1.2134988553255228E-003   9.0033883736172676E-008
   1.9500000000000002       -5.0000000000000003E-002   1.2134180635136854E-003   8.6657567985601488E-008
   2.0500000000000003       -5.0000000000000003E-002   1.2133374416321266E-003   8.3349052265379278E-008
   2.1499999999999999       -5.0000000000000003E-002   1.2132562103101998E-003   7.9962567170270712E-008
   2.2500000000000000       -5.0000000000000003E-002   1.2131739583642678E-003   7.6405702002132545E-008
   2.3500000000000001       -5.0000000000000003E-002   1.2130905626871393E-003   7.2620742460659758E-008
   2.4500000000000002       -5.0000000000000003E-002   1.2130061390123827E-003   6.8570165256424217E-008
   2.5500000000000003       -5.0000000000000003E-002   1.2129210170266514E-003   6.4224424245680380E-008
   2.6500000000000004       -5.0000000000000003E-002   1.2128357366911968E-003   5.9550544124039533E-008
   2.7500000000000000       -5.0000000000000003E-002   1.2127510655120818E-003   5.4500166417176020E-008
   2.8500000000000001       -5.0000000000000003E-002   1.2126680393400948E-003   4.8995600595551309E-008
   2.9500000000000002       -5.0000000000000003E-002   1.2125880325517030E-003   4.2912095485565278E-008
   3.0500000000000003       -5.0000000000000003E-002   1.2125128677434808E-003   3.6053871704046171E-008
   3.1500000000000004       -5.0000000000000003E-002   1.2124449812362715E-003   2.8120245716025999E-008
   3.2500000000000000       -5.0000000000000003E-002   1.2123876702005881E-003   1.8656032373133318E-008
   3.3500000000000001       -5.0000000000000003E-002   1.2123454627535936E-003   6.9765300054212302E-009
   3.4500000000000002       -5.0000000000000003E-002   1.2123246790999907E-003  -7.9499116670526882E-009
   3.5500000000000003       -5.0000000000000003E-002   1.2123343002228700E-003  -2.7693152255184588E-008
   3.6500000000000004       -5.0000000000000003E-002   1.2123873535637194E-003  -5.4687853456225917E-008
   3.7500000000000000       -5.0000000000000003E-002   1.2125032153302170E-003  -9.2824086066867539E-008
   3.8500000000000001       -5.0000000000000003E-002   1.2127116487670318E-003  -1.4859295657014848E-007
   3.9500000000000002       -5.0000000000000003E-002   1.2130604095806547E-003  -2.3350809963950269E-007
   4.0499999999999998       -5.0000000000000003E-002   1.2136309500347469E-003  -3.6978251652448904E-007
   4.1500000000000004       -5.0000000000000003E-002   1.2145747938748102E-003  -6.0532192754378401E-007
   4.2500000000000000       -5.0000000000000003E-002   1.2162098344429579E-003  -1.0586536832165409E-006
   4.3500000000000005       -5.0000000000000003E-002   1.2193134065620669E-003  -2.0707704235582164E-006
   4.4500000000000002       -5.0000000000000003E-002   1.2261361056643031E-003  -4.7740322118493441E-006
   4.5499999999999998       -5.0000000000000003E-002   1.2440667151412059E-003  -1.3174370943067312E-005
   4.6500000000000004       -5.0000000000000003E-002   1.2956212120726342E-003  -3.8393162435061898E-005
   4.7500000000000000       -5.0000000000000003E-002   1.4195262099905303E-003  -8.5519789268533077E-005
   4.8500000000000005       -5.0000000000000003E-002   7.5252166293794578E-004   0.0000000000000000     
  -5.0000000000000003E-002   5.0000000000000003E-002   2.1569258707092704E-003   0.0000000000000000     
   5.0000000000000003E-002   5.0000000000000003E-002   4.3270415758319501E-003   1.6579318166064873E-004
  0.15000000000000002        5.0000000000000003E-002   4.3340765283935503E-003   8.7335818079702887E-005
  0.25000000000000000        5.0000000000000003E-002   4.3189351707936053E-003   3.7076215968513481E-005
  0.35000000000000003        5.0000000000000003E-002   4.3034966549425581E-003   1.6727098019710113E-005
  0.45000000000000001        5.0000000000000003E-002   4.2930713910254818E-003   8.5150997405489895E-006
  0.55000000000000004        5.0000000000000003E-002   4.2866925910496866E-003   4.8118708591230458E-006
  0.65000000000000002        5.0000000000000003E-002   4.2828023819990397E-003   2.9446009241266387E-006
  0.75000000000000000        5.0000000000000003E-002   4.2803813483171622E-003   1.9133912636591186E-006
  0.85000000000000009        5.0000000000000003E-002   4.2788465107173202E-003   1.3032199797700379E-006
  0.95000000000000007        5.0000000000000003E-002   4.2778656219911448E-003   9.2357344744253264E-007
   1.0500000000000000        5.0000000000000003E-002   4.2772430104069444E-003   6.7867791023713235E-007
   1.1500000000000001        5.0000000000000003E-002   4.2768586475827762E-003   5.1650519681534010E-007
   1.2500000000000000        5.0000000000000003E-002   4.2766360326108007E-003   4.0693871120740020E-007
   1.3500000000000001        5.0000000000000003E-002   4.2765247890704464E-003   3.3164397240357343E-007
   1.4500000000000002        5.0000000000000003E-002   4.2764908418304083E-003   2.7901568988792606E-007
   1.5500000000000000        5.0000000000000003E-002   4.2765106317390880E-003   2.4148970956109059E-007
   1.6500000000000001        5.0000000000000003E-002   4.2765675733299150E-003   2.1403005207335951E-007
   1.7500000000000000        5.0000000000000003E-002   4.2766498130764529E-003   1.9323459792019739E-007
   1.8500000000000001        5.0000000000000003E-002   4.2767487727252010E-003   1.7678368413222501E-007
   1.9500000000000002        5.0000000000000003E-002   4.2768581839703838E-003   1.6308757239306320E-007
   2.0500000000000003        5.0000000000000003E-002   4.2769734405739557E-003   1.5105376709333194E-007
   2.1499999999999999        5.0000000000000003E-002   4.2770911615431124E-003   1.3992876993897728E-007
   2.2500000000000000        5.0000000000000003E-002   4.2772088986561619E-003   1.2918695471505494E-007
   2.3500000000000001        5.0000000000000003E-002   4.2773249460126379E-003   1.1844932775999316E-007
   2.4500000000000002        5.0000000000000003E-002   4.2774382250454820E-003   1.0742067719816563E-007
   2.5500000000000003        5.0000000000000003E-002   4.2775482292923940E-003   9.5836854831330941E-008
   2.6500000000000004        5.0000000000000003E-002   4.2776550213950151E-003   8.3415615056903902E-008
   2.7500000000000000        5.0000000000000003E-002   4.2777592817420254E-003   6.9804999804511025E-008
   2.8500000000000001        5.0000000000000003E-002   4.2778624150393921E-003   5.4522847467943516E-008
   2.9500000000000002        5.0000000000000003E-002   4.2779667290059574E-003   3.6879507246841112E-008
   3.0500000000000003        5.0000000000000003E-002   4.2780757097653065E-003   1.5872853543245704E-008
   3.1500000000000004        5.0000000000000003E-002   4.2781944334416219E-003  -9.9606532146118487E-009
   3.2500000000000000        5.0000000000000003E-002   4.2783301764834558E-003  -4.2764554272983899E-008
   3.3500000000000001        5.0000000000000003E-002   4.2784933246220050E-003  -8.5693304907552911E-008
   3.4500000000000002        5.0000000000000003E-002   4.2786987439231853E-003  -1.4342975292320356E-007
   3.5500000000000003        5.0000000000000003E-002   4.2789678901703106E-003  -2.2302451923309987E-007
   3.6500000000000004        5.0000000000000003E-002   4.2793321414473749E-003  -3.3531638915629388E-007
   3.7500000000000000        5.0000000000000003E-002   4.2798382404930987E-003  -4.9745666341242333E-007
   3.8500000000000001        5.0000000000000003E-002   4.2805575351741254E-003  -7.3765566404490010E-007
   3.9500000000000002        5.0000000000000003E-002   4.2816023483161665E-003  -1.1046997897097890E-006
   4.0499999999999998        5.0000000000000003E-002   4.2831561840828546E-003  -1.6884673302455657E-006
   4.1500000000000004        5.0000000000000003E-002   4.2855310253573286E-003  -2.6678433981408122E-006
   4.2500000000000000        5.0000000000000003E-002   4.2892746245448031E-003  -4.4326420188261141E-006
   4.3500000000000005        5.0000000000000003E-002   4.2953447188467221E-003  -7.9221524538787411E-006
   4.4500000000000002        5.0000000000000003E-002   4.3052023940123585E-003  -1.5647231490071074E-005
   4.5499999999999998        5.0000000000000003E-002   4.3197215396913440E-003  -3.4786514156302883E-005
   4.6500000000000004        5.0000000000000003E-002   4.3336225623117498E-003  -8.2262611652182387E-005
   4.7500000000000000        5.0000000000000003E-002   4.3254163035380665E-003  -1.5736498675798783E-004
   4.8500000000000005        5.0000000000000003E-002   2.1558695191894236E-003   0.0000000000000000     
  -5.0000000000000003E-002  0.15000000000000002        2.6014795097613428E-003   0.0000000000000000     
   5.0000000000000003E-002  0.15000000000000002        5.2419272062471985E-003   1.1364781958447200E-004
  0.15000000000000002       0.15000000000000002        5.2963882378841776E-003   7.8023009227988580E-005
  0.25000000000000000       0.15000000000000002        5.3143861518749639E-003   4.3594947481693400E-005
  0.35000000000000003       0.15000000000000002        5.3157339664517455E-003   2.4385407984380018E-005
  0.45000000000000001       0.15000000000000002        5.3129187940739861E-003   1.4206318703236122E-005
  0.55000000000000004       0.15000000000000002        5.3098822023443827E-003   8.6664926194292860E-006
  0.65000000000000002       0.15000000000000002        5.3074986327365401E-003   5.5139012776653877E-006
  0.75000000000000000       0.15000000000000002        5.3057975765484853E-003   3.6341162721529850E-006
  0.85000000000000009       0.15000000000000002        5.3046328634974473E-003   2.4656593608336032E-006
  0.95000000000000007       0.15000000000000002        5.3038577678032198E-003   1.7141174970209896E-006
   1.0500000000000000       0.15000000000000002        5.3033588966224796E-003   1.2175635663438149E-006
   1.1500000000000001       0.15000000000000002        5.3030546600597462E-003   8.8256895869678156E-007
   1.2500000000000000       0.15000000000000002        5.3028874741704955E-003   6.5281490979327918E-007
   1.3500000000000001       0.15000000000000002        5.3028167184517080E-003   4.9305114395983201E-007
   1.4500000000000002       0.15000000000000002        5.3028135453009398E-003   3.8052328915580021E-007
   1.5500000000000000       0.15000000000000002        5.3028572742396182E-003   3.0018139948802346E-007
   1.6500000000000001       0.15000000000000002        5.3029329278748479E-003   2.4188461062397342E-007
   1.7500000000000000       0.15000000000000002        5.3030295500744330E-003   1.9870478992220215E-007
   1.8500000000000001       0.15000000000000002        5.3031390538119142E-003   1.6586019316169736E-007
   1.9500000000000002       0.15000000000000002        5.3032554287928239E-003   1.4002398832509939E-007
   2.0500000000000003       0.15000000000000002        5.3033741957157817E-003   1.1886319025528470E-007
   2.1499999999999999       0.15000000000000002        5.3034920317142666E-003   1.0072288078825377E-007
   2.2500000000000000       0.15000000000000002        5.3036065165560885E-003   8.4403461625295666E-008
   2.3500000000000001       0.15000000000000002        5.3037159660828045E-003   6.8997418796935356E-008
   2.4500000000000002       0.15000000000000002        5.3038193311426562E-003   5.3762926638862126E-008
   2.5500000000000003       0.15000000000000002        5.3039161488684598E-003   3.8017828369660770E-008
   2.6500000000000004       0.15000000000000002        5.3040065399040139E-003   2.1040778013493640E-008
   2.7500000000000000       0.15000000000000002        5.3040912510609137E-003   1.9674247600088714E-009
   2.8500000000000001       0.15000000000000002        5.3041717487013499E-003  -2.0331277016256082E-008
   2.9500000000000002       0.15000000000000002        5.3042503746897722E-003  -4.7404441591114340E-008
   3.0500000000000003       0.15000000000000002        5.3043305849764487E-003  -8.1431842834486001E-008
   3.1500000000000004       0.15000000000000002        5.3044173020332687E-003  -1.2552137182016720E-007
   3.2500000000000000       0.15000000000000002        5.3045174283081198E-003  -1.8414255692342122E-007
   3.3500000000000001       0.15000000000000002        5.3046405914132459E-003  -2.6377619383012072E-007
   3.4500000000000002       0.15000000000000002        5.3048002271681872E-003  -3.7391586092938024E-007
   3.5500000000000003       0.15000000000000002        5.3050151598530637E-003  -5.2866108966009564E-007
   3.6500000000000004       0.15000000000000002        5.3053119164611241E-003  -7.4934289451657853E-007
   3.7500000000000000       0.15000000000000002        5.3057281116766662E-003  -1.0690246254787673E-006
   3.8500000000000001       0.15000000000000002        5.3063173172971023E-003  -1.5405550769296119E-006
   3.9500000000000002       0.15000000000000002        5.3071556608920755E-003  -2.2516374651078786E-006
   4.0499999999999998       0.15000000000000002        5.3083491066272352E-003  -3.3543113536133982E-006
   4.1500000000000004       0.15000000000000002        5.3100347802718115E-003  -5.1250353835874785E-006
   4.2500000000000000       0.15000000000000002        5.3123488476160777E-003  -8.0909865432005919E-006
   4.3500000000000005       0.15000000000000002        5.3152613323261075E-003  -1.3298090822666073E-005
   4.4500000000000002       0.15000000000000002        5.3179461584868613E-003  -2.2858001434608556E-005
   4.5499999999999998       0.15000000000000002        5.3166948722808867E-003  -4.0879190977525074E-005
   4.6500000000000004       0.15000000000000002        5.2997526714385849E-003  -7.3154829456440298E-005
   4.7500000000000000       0.15000000000000002        5.2482475901473834E-003  -1.0677733643229726E-004
   4.8500000000000005       0.15000000000000002        2.6056659291119706E-003   0.0000000000000000     
  -5.0000000000000003E-002  0.25000000000000000        2.7061324155695254E-003   0.0000000000000000     
   5.0000000000000003E-002  0.25000000000000000        5.4326894987276079E-003   5.4267624326337238E-005
  0.15000000000000002       0.25000000000000000        5.4657443158533416E-003   4.9925168973782002E-005
  0.25000000000000000       0.25000000000000000        5.4837670573792763E-003   3.5734611237976243E-005
  0.35000000000000003       0.25000000000000000        5.4909012518274489E-003   2.3850075360532786E-005
  0.45000000000000001       0.25000000000000000        5.4928933704221803E-003   1.5673797684468481E-005
  0.55000000000000004       0.25000000000000000        5.4928964501813234E-003   1.0362974557005108E-005
  0.65000000000000002       0.25000000000000000        5.4923006146871331E-003   6.9469678182146005E-006
  0.75000000000000000       0.25000000000000000        5.4916409424698599E-003   4.7297135409598274E-006
  0.85000000000000009       0.25000000000000000        5.4910913176857588E-003   3.2680135703032257E-006
  0.95000000000000007       0.25000000000000000        5.4906866137322315E-003   2.2885618439894791E-006
   1.0500000000000000       0.25000000000000000        5.4904140263414281E-003   1.6225246256294628E-006
   1.1500000000000001       0.25000000000000000        5.4902482944254863E-003   1.1639263002554424E-006
   1.2500000000000000       0.25000000000000000        5.4901642365799532E-003   8.4484029208552882E-007
   1.3500000000000001       0.25000000000000000        5.4901405018871283E-003   6.2080017449469958E-007
   1.4500000000000002       0.25000000000000000        5.4901601020617011E-003   4.6214150705890489E-007
   1.5500000000000000       0.25000000000000000        5.4902098952938098E-003   3.4875904315970460E-007
   1.6500000000000001       0.25000000000000000        5.4902798372594734E-003   2.6685274149412178E-007
   1.7500000000000000       0.25000000000000000        5.4903622824182333E-003   2.0685590479826882E-007
   1.8500000000000001       0.25000000000000000        5.4904514142937958E-003   1.6208346772674864E-007
   1.9500000000000002       0.25000000000000000        5.4905428089977318E-003   1.2783010416565951E-007
   2.0500000000000003       0.25000000000000000        5.4906331127580511E-003   1.0075569094890857E-007
   2.1499999999999999       0.25000000000000000        5.4907198100553490E-003   7.8457530981107373E-008
   2.2500000000000000       0.25000000000000000        5.4908010615763682E-003   5.9164977734447932E-008
   2.3500000000000001       0.25000000000000000        5.4908755956780816E-003   4.1513723874485985E-008
   2.4500000000000002       0.25000000000000000        5.4909426416404590E-003   2.4370013219571705E-008
   2.5500000000000003       0.25000000000000000        5.4910018971561312E-003   6.6826890349829772E-009
   2.6500000000000004       0.25000000000000000        5.4910535262420153E-003  -1.2654924213252344E-008
   2.7500000000000000       0.25000000000000000        5.4910981872316467E-003  -3.4949910660045021E-008
   2.8500000000000001       0.25000000000000000        5.4911370939478088E-003  -6.1879031516810748E-008
   2.9500000000000002       0.25000000000000000        5.4911721167934255E-003  -9.5703600424065589E-008
   3.0500000000000003       0.25000000000000000        5.4912059345041571E-003  -1.3955823178876770E-007
   3.1500000000000004       0.25000000000000000        5.4912422516678406E-003  -1.9785382765686714E-007
   3.2500000000000000       0.25000000000000000        5.4912861013499750E-003  -2.7685539749616954E-007
   3.3500000000000001       0.25000000000000000        5.4913442545973454E-003  -3.8552928219474328E-007
   3.4500000000000002       0.25000000000000000        5.4914257546114084E-003  -5.3681240597818815E-007
   3.5500000000000003       0.25000000000000000        5.4915425711359453E-003  -7.4955742056226397E-007
   3.6500000000000004       0.25000000000000000        5.4917103003184987E-003  -1.0515874629939752E-006
   3.7500000000000000       0.25000000000000000        5.4919486425495864E-003  -1.4846176274047708E-006
   3.8500000000000001       0.25000000000000000        5.4922808893037934E-003  -2.1123814417705935E-006
   3.9500000000000002       0.25000000000000000        5.4927303747209890E-003  -3.0343203848434167E-006
   4.0499999999999998       0.25000000000000000        5.4933086531181964E-003  -4.4088526882379542E-006
   4.1500000000000004       0.25000000000000000        5.4939823353634832E-003  -6.4923709589514643E-006
   4.2500000000000000       0.25000000000000000        5.4945871926228192E-003  -9.7004454864199466E-006
   4.3500000000000005       0.25000000000000000        5.4946194676641835E-003  -1.4685095456625308E-005
   4.4500000000000002       0.25000000000000000        5.4927728749235172E-003  -2.2353437160905245E-005
   4.5499999999999998       0.25000000000000000        5.4860904913428101E-003  -3.3485672720027127E-005
   4.6500000000000004       0.25000000000000000        5.4692004080076195E-003  -4.6742136356718079E-005
   4.7500000000000000       0.25000000000000000        5.4382458025309787E-003  -5.0746250291171102E-005
   4.8500000000000005       0.25000000000000000        2.7095625507809209E-003   0.0000000000000000     
  -5.0000000000000003E-002  0.35000000000000003        2.7275627107935891E-003   0.0000000000000000     
   5.0000000000000003E-002  0.35000000000000003        5.4636378468792633E-003   2.5343190496546032E-005
  0.15000000000000002       0.35000000000000003        5.4797516682463729E-003   2.9718777548910257E-005
  0.25000000000000000       0.35000000000000003        5.4921091082002979E-003   2.5623300181675576E-005
  0.35000000000000003       0.35000000000000003        5.4993796616569068E-003   1.9642978641725610E-005
  0.45000000000000001       0.35000000000000003        5.5030795505930149E-003   1.4297979411892251E-005
  0.55000000000000004       0.35000000000000003        5.5047650165093633E-003   1.0180696060889935E-005
  0.65000000000000002       0.35000000000000003        5.5054455161267588E-003   7.1947255196558879E-006
  0.75000000000000000       0.35000000000000003        5.5056728701918922E-003   5.0822093428404333E-006
  0.85000000000000009       0.35000000000000003        5.5057212289440468E-003   3.6003973861773440E-006
  0.95000000000000007       0.35000000000000003        5.5057169789048226E-003   2.5621308686139411E-006
   1.0500000000000000       0.35000000000000003        5.5057133788843160E-003   1.8330897833989372E-006
   1.1500000000000001       0.35000000000000003        5.5057293679401601E-003   1.3194538593939216E-006
   1.2500000000000000       0.35000000000000003        5.5057686628343719E-003   9.5621460723138568E-007
   1.3500000000000001       0.35000000000000003        5.5058287993912051E-003   6.9830793067580981E-007
   1.4500000000000002       0.35000000000000003        5.5059052516550104E-003   5.1437552006950216E-007
   1.5500000000000000       0.35000000000000003        5.5059932095069854E-003   3.8249191590398394E-007
   1.6500000000000001       0.35000000000000003        5.5060882731575635E-003   2.8725556846903249E-007
   1.7500000000000000       0.35000000000000003        5.5061866659004309E-003   2.1780172472362243E-007
   1.8500000000000001       0.35000000000000003        5.5062852469690794E-003   1.6643465519645763E-007
   1.9500000000000002       0.35000000000000003        5.5063814530262991E-003   1.2767718529559326E-007
   2.0500000000000003       0.35000000000000003        5.5064732242356817E-003   9.7602900428214951E-008
   2.1499999999999999       0.35000000000000003        5.5065589371819336E-003   7.3360491614735390E-008
   2.2500000000000000       0.35000000000000003        5.5066373518388115E-003   5.2828342236050922E-008
   2.3500000000000001       0.35000000000000003        5.5067075735342041E-003   3.4355992951335417E-008
   2.4500000000000002       0.35000000000000003        5.5067690287222901E-003   1.6560995976263285E-008
   2.5500000000000003       0.35000000000000003        5.5068214530959794E-003  -1.8429985664342216E-009
   2.6500000000000004       0.35000000000000003        5.5068648910969516E-003  -2.2207040487802355E-008
   2.7500000000000000       0.35000000000000003        5.5068997066955025E-003  -4.6115263466628360E-008
   2.8500000000000001       0.35000000000000003        5.5069266061286634E-003  -7.5580544335989972E-008
   2.9500000000000002       0.35000000000000003        5.5069466738200332E-003  -1.1329068048022540E-007
   3.0500000000000003       0.35000000000000003        5.5069614224758749E-003  -1.6293503941647059E-007
   3.1500000000000004       0.35000000000000003        5.5069728563593070E-003  -2.2965265692226514E-007
   3.2500000000000000       0.35000000000000003        5.5069835408747166E-003  -3.2066006613201066E-007
   3.3500000000000001       0.35000000000000003        5.5069966574192945E-003  -4.4614393909620096E-007
   3.4500000000000002       0.35000000000000003        5.5070159907683360E-003  -6.2054493077670006E-007
   3.5500000000000003       0.35000000000000003        5.5070457279892508E-003  -8.6442225983583781E-007
   3.6500000000000004       0.35000000000000003        5.5070898037265330E-003  -1.2071826032055213E-006
   3.7500000000000000       0.35000000000000003        5.5071502263764607E-003  -1.6910874425687667E-006
   3.8500000000000001       0.35000000000000003        5.5072232024937339E-003  -2.3771014414094156E-006
   3.9500000000000002       0.35000000000000003        5.5072906355982006E-003  -3.3531991319773082E-006
   4.0499999999999998       0.35000000000000003        5.5073021812487421E-003  -4.7452980659071073E-006
   4.1500000000000004       0.35000000000000003        5.5071388082911310E-003  -6.7287558473134525E-006
   4.2500000000000000       0.35000000000000003        5.5065427890864417E-003  -9.5307685298394164E-006
   4.3500000000000005       0.35000000000000003        5.5049960367439810E-003  -1.3391998904648014E-005
   4.4500000000000002       0.35000000000000003        5.5015521267559710E-003  -1.8400237896323683E-005
   4.5499999999999998       0.35000000000000003        5.4947550745537933E-003  -2.3995023434850394E-005
   4.6500000000000004       0.35000000000000003        5.4831940225414742E-003  -2.7807723098402207E-005
   4.7500000000000000       0.35000000000000003        5.4681316594260261E-003  -2.3679602474519121E-005
   4.8500000000000005       0.35000000000000003        2.7300901829151840E-003   0.0000000000000000     
  -5.0000000000000003E-002  0.45000000000000001        2.7350203272462083E-003   0.0000000000000000     
   5.0000000000000003E-002  0.45000000000000001        5.4738999608662407E-003   1.2984117880126726E-005
  0.15000000000000002       0.45000000000000001        5.4821799703585646E-003   1.7721832540007534E-005
  0.25000000000000000       0.45000000000000001        5.4901147953476167E-003   1.7390459239585536E-005
  0.35000000000000003       0.45000000000000001        5.4960046849903965E-003   1.4801716604860310E-005
  0.45000000000000001       0.45000000000000001        5.4998575344146370E-003   1.1695595616225626E-005
  0.55000000000000004       0.45000000000000001        5.5022172762327001E-003   8.8683210150978018E-006
  0.65000000000000002       0.45000000000000001        5.5036236693813542E-003   6.5703511120683000E-006
  0.75000000000000000       0.45000000000000001        5.5044653846003143E-003   4.8054497998955380E-006
  0.85000000000000009       0.45000000000000001        5.5049869760394089E-003   3.4908203045701646E-006
  0.95000000000000007       0.45000000000000001        5.5053317358044127E-003   2.5281970518676190E-006
   1.0500000000000000       0.45000000000000001        5.5055801973025132E-003   1.8301088724185876E-006
   1.1500000000000001       0.45000000000000001        5.5057764165115783E-003   1.3265763404803641E-006
   1.2500000000000000       0.45000000000000001        5.5059439778464506E-003   9.6437479798026020E-007
   1.3500000000000001       0.45000000000000001        5.5060951930445620E-003   7.0407989834960543E-007
   1.4500000000000002       0.45000000000000001        5.5062362270371671E-003   5.1691148197857199E-007
   1.5500000000000000       0.45000000000000001        5.5063699110183047E-003   3.8203206986073559E-007
   1.6500000000000001       0.45000000000000001        5.5064972789932295E-003   2.8442508513634464E-007
   1.7500000000000000       0.45000000000000001        5.5066184100433868E-003   2.1329494501510727E-007
   1.8500000000000001       0.45000000000000001        5.5067328950992624E-003   1.6088524500861821E-007
   1.9500000000000002       0.45000000000000001        5.5068401003166975E-003   1.2161433540091037E-007
   2.0500000000000003       0.45000000000000001        5.5069393193086878E-003   9.1444796070475269E-008
   2.1499999999999999       0.45000000000000001        5.5070298635594879E-003   6.7421801557299159E-008
   2.2500000000000000       0.45000000000000001        5.5071111173968677E-003   4.7331032339797483E-008
   2.3500000000000001       0.45000000000000001        5.5071825716234727E-003   2.9438805197991814E-008
   2.4500000000000002       0.45000000000000001        5.5072438432894368E-003   1.2285728084960243E-008
   2.5500000000000003       0.45000000000000001        5.5072946854258890E-003  -5.4890577328431009E-009
   2.6500000000000004       0.45000000000000001        5.5073349883790132E-003  -2.5312651434343859E-008
   2.7500000000000000       0.45000000000000001        5.5073647728298199E-003  -4.8850579401463058E-008
   2.8500000000000001       0.45000000000000001        5.5073841730577423E-003  -7.8205600146023276E-008
   2.9500000000000002       0.45000000000000001        5.5073934069204264E-003  -1.1616522684349466E-007
   3.0500000000000003       0.45000000000000001        5.5073927255583442E-003  -1.6652529820056103E-007
   3.1500000000000004       0.45000000000000001        5.5073823295990580E-003  -2.3452490058958377E-007
   3.2500000000000000       0.45000000000000001        5.5073622270918280E-003  -3.2743911801643969E-007
   3.3500000000000001       0.45000000000000001        5.5073319868313144E-003  -4.5539069061606762E-007
   3.4500000000000002       0.45000000000000001        5.5072903003988809E-003  -6.3245889921936784E-007
   3.5500000000000003       0.45000000000000001        5.5072341912607743E-003  -8.7817997688204041E-007
   3.6500000000000004       0.45000000000000001        5.5071575715455508E-003  -1.2195359515286121E-006
   3.7500000000000000       0.45000000000000001        5.5070485999409620E-003  -1.6934851975030789E-006
   3.8500000000000001       0.45000000000000001        5.5068848684752640E-003  -2.3499152651318351E-006
   3.9500000000000002       0.45000000000000001        5.5066247681197222E-003  -3.2543982665517822E-006
   4.0499999999999998       0.45000000000000001        5.5061924738302155E-003  -4.4888503544665106E-006
   4.1500000000000004       0.45000000000000001        5.5054533118329869E-003  -6.1451895683665555E-006
   4.2500000000000000       0.45000000000000001        5.5041777252557459E-003  -8.3005988913933901E-006
   4.3500000000000005       0.45000000000000001        5.5020013112571367E-003  -1.0950705983496940E-005
   4.4500000000000002       0.45000000000000001        5.4984188077784133E-003  -1.3859324253523660E-005
   4.5499999999999998       0.45000000000000001        5.4929227388461855E-003  -1.6278403168931656E-005
   4.6500000000000004       0.45000000000000001        5.4855103822808475E-003  -1.6577007585268294E-005
   4.7500000000000000       0.45000000000000001        5.4777775489311840E-003  -1.2131029036376069E-005
   4.8500000000000005       0.45000000000000001        2.7370874611708290E-003   0.0000000000000000     
  -5.0000000000000003E-002  0.55000000000000004        2.7389275615180074E-003   0.0000000000000000     
   5.0000000000000003E-002  0.55000000000000004        5.4798470397992649E-003   7.1455537939009316E-006
  0.15000000000000002       0.55000000000000004        5.4845071185367304E-003   1.0658121634622933E-005
  0.25000000000000000       0.55000000000000004        5.4896778920686942E-003   1.1411050622635364E-005
  0.35000000000000003       0.55000000000000004        5.4941775886555889E-003   1.0477879121803371E-005
  0.45000000000000001       0.55000000000000004        5.4976388544019719E-003   8.8144104681055201E-006
  0.55000000000000004       0.55000000000000004        5.5001323769350921E-003   7.0266907188221399E-006
  0.65000000000000002       0.55000000000000004        5.5018751459501684E-003   5.4129625731397123E-006
  0.75000000000000000       0.55000000000000004        5.5030857261106425E-003   4.0784783105544808E-006
  0.85000000000000009       0.55000000000000004        5.5039362376098988E-003   3.0293024413571872E-006
  0.95000000000000007       0.55000000000000004        5.5045483923842810E-003   2.2297992234200822E-006
   1.0500000000000000       0.55000000000000004        5.5050037354926404E-003   1.6326488654696088E-006
   1.1500000000000001       0.55000000000000004        5.5053554528099215E-003   1.1924496778679698E-006
   1.2500000000000000       0.55000000000000004        5.5056378166302962E-003   8.7071522827582014E-007
   1.3500000000000001       0.55000000000000004        5.5058728078377682E-003   6.3681699777340262E-007
   1.4500000000000002       0.55000000000000004        5.5060744879883924E-003   4.6725444685426697E-007
   1.5500000000000000       0.55000000000000004        5.5062518112559090E-003   3.4439982612408349E-007
   1.6500000000000001       0.55000000000000004        5.5064104205101768E-003   2.5522141559398511E-007
   1.7500000000000000       0.55000000000000004        5.5065538000246984E-003   1.9017459835427952E-007
   1.8500000000000001       0.55000000000000004        5.5066840238103872E-003   1.4230670165452934E-007
   1.9500000000000002       0.55000000000000004        5.5068022483894816E-003   1.0656211192431068E-007
   2.0500000000000003       0.55000000000000004        5.5069090416501685E-003   7.9254027116624679E-008
   2.1499999999999999       0.55000000000000004        5.5070046041983591E-003   5.7666185115170333E-008
   2.2500000000000000       0.55000000000000004        5.5070889180861881E-003   3.9751426530526123E-008
   2.3500000000000001       0.55000000000000004        5.5071618445161506E-003   2.3899185048519381E-008
   2.4500000000000002       0.55000000000000004        5.5072231837205912E-003   8.7488800453891895E-009
   2.5500000000000003       0.55000000000000004        5.5072727046411437E-003  -6.9700822697870216E-009
   2.6500000000000004       0.55000000000000004        5.5073101480055224E-003  -2.4588661508580211E-008
   2.7500000000000000       0.55000000000000004        5.5073352030718305E-003  -4.5654967430210880E-008
   2.8500000000000001       0.55000000000000004        5.5073474550265079E-003  -7.2114111113400479E-008
   2.9500000000000002       0.55000000000000004        5.5073462961337475E-003  -1.0652974178319765E-007
   3.0500000000000003       0.55000000000000004        5.5073307884273403E-003  -1.5236923597915355E-007
   3.1500000000000004       0.55000000000000004        5.5072994578009068E-003  -2.1437896696237829E-007
   3.2500000000000000       0.55000000000000004        5.5072499868506555E-003  -2.9908089462023709E-007
   3.3500000000000001       0.55000000000000004        5.5071787535864100E-003  -4.1542492293850177E-007
   3.4500000000000002       0.55000000000000004        5.5070801300569202E-003  -5.7562852366024637E-007
   3.5500000000000003       0.55000000000000004        5.5069454012971249E-003  -7.9621607325343540E-007
   3.6500000000000004       0.55000000000000004        5.5067610804616397E-003  -1.0992143641866020E-006
   3.7500000000000000       0.55000000000000004        5.5065062709964167E-003  -1.5133257894761977E-006
   3.8500000000000001       0.55000000000000004        5.5061485661873086E-003  -2.0746053417549416E-006
   3.9500000000000002       0.55000000000000004        5.5056378412813569E-003  -2.8255631536197721E-006
   4.0499999999999998       0.55000000000000004        5.5048974060450308E-003  -3.8104560186882237E-006
   4.1500000000000004       0.55000000000000004        5.5038129623543085E-003  -5.0624991946107206E-006
   4.2500000000000000       0.55000000000000004        5.5022230724420650E-003  -6.5756826528529272E-006
   4.3500000000000005       0.55000000000000004        5.4999230180831568E-003  -8.2508576571050127E-006
   4.4500000000000002       0.55000000000000004        5.4967100445611813E-003  -9.8079024913753749E-006
   4.5499999999999998       0.55000000000000004        5.4925192273700876E-003  -1.0678526040915194E-005
   4.6500000000000004       0.55000000000000004        5.4876966116554080E-003  -9.9679852373052442E-006
   4.7500000000000000       0.55000000000000004        5.4833495165538234E-003  -6.6760304502253923E-006
   4.8500000000000005       0.55000000000000004        2.7407458989045256E-003   0.0000000000000000     
  -5.0000000000000003E-002  0.65000000000000002        2.7411256737093436E-003   0.0000000000000000     
   5.0000000000000003E-002  0.65000000000000002        5.4834241000078802E-003   3.9935434963928439E-006
  0.15000000000000002       0.65000000000000002        5.4863327092395898E-003   6.2792572133200970E-006
  0.25000000000000000       0.65000000000000002        5.4898987515886958E-003   7.1155781816578994E-006
  0.35000000000000003       0.65000000000000002        5.4933744022908192E-003   6.8843444311384808E-006
  0.45000000000000001       0.65000000000000002        5.4963726968595260E-003   6.0574774180196275E-006
  0.55000000000000004       0.65000000000000002        5.4987821774356771E-003   5.0110696079669344E-006
  0.65000000000000002       0.65000000000000002        5.5006418047982251E-003   3.9763306824421483E-006
  0.75000000000000000       0.65000000000000002        5.5020480715489151E-003   3.0661986940909206E-006
  0.85000000000000009       0.65000000000000002        5.5031046438080034E-003   2.3181119425832379E-006
  0.95000000000000007       0.65000000000000002        5.5039014293402433E-003   1.7290483242195984E-006
   1.0500000000000000       0.65000000000000002        5.5045091955541192E-003   1.2782372771051616E-006
   1.1500000000000001       0.65000000000000002        5.5049808317349539E-003   9.3985769023574900E-007
   1.2500000000000000       0.65000000000000002        5.5053546954220737E-003   6.8921869742591862E-007
   1.3500000000000001       0.65000000000000002        5.5056580842066730E-003   5.0521753770237076E-007
   1.4500000000000002       0.65000000000000002        5.5059101637575415E-003   3.7088847759922588E-007
   1.5500000000000000       0.65000000000000002        5.5061242340623618E-003   2.7309025532701940E-007
   1.6500000000000001       0.65000000000000002        5.5063094122378099E-003   2.0188493201768830E-007
   1.7500000000000000       0.65000000000000002        5.5064718563950458E-003   1.4987401416447205E-007
   1.8500000000000001       0.65000000000000002        5.5066156464527727E-003   1.1160344480749747E-007
   1.9500000000000002       0.65000000000000002        5.5067434144238777E-003   8.3071893710355592E-008
   2.0500000000000003       0.65000000000000002        5.5068567932598841E-003   6.1341448327151921E-008
   2.1499999999999999       0.65000000000000002        5.5069567340749479E-003   4.4235847186469215E-008
   2.2500000000000000       0.65000000000000002        5.5070437268796499E-003   3.0107600931866148E-008
   2.3500000000000001       0.65000000000000002        5.5071179490419108E-003   1.7655867891735290E-008
   2.4500000000000002       0.65000000000000002        5.5071793575702469E-003   5.7788781567349790E-009
   2.5500000000000003       0.65000000000000002        5.5072277351019498E-003  -6.5533440802658509E-009
   2.6500000000000004       0.65000000000000002        5.5072626944517285E-003  -2.0418834146744331E-008
   2.7500000000000000       0.65000000000000002        5.5072836421330897E-003  -3.7068433746942042E-008
   2.8500000000000001       0.65000000000000002        5.5072896968696638E-003  -5.8068069552355783E-008
   2.9500000000000002       0.65000000000000002        5.5072795542373430E-003  -8.5472337736182358E-008
   3.0500000000000003       0.65000000000000002        5.5072512826367511E-003  -1.2204488358658747E-007
   3.1500000000000004       0.65000000000000002        5.5072020280973466E-003  -1.7154277799093929E-007
   3.2500000000000000       0.65000000000000002        5.5071275951247009E-003  -2.3908250030238098E-007
   3.3500000000000001       0.65000000000000002        5.5070218569913234E-003  -3.3160149625401020E-007
   3.4500000000000002       0.65000000000000002        5.5068759307995065E-003  -4.5841609362677713E-007
   3.5500000000000003       0.65000000000000002        5.5066770306930720E-003  -6.3184330376592318E-007
   3.6500000000000004       0.65000000000000002        5.5064068907883668E-003  -8.6778150241740513E-007
   3.7500000000000000       0.65000000000000002        5.5060396415842969E-003  -1.1860001058846789E-006
   3.8500000000000001       0.65000000000000002        5.5055390673880962E-003  -1.6096190123121987E-006
   3.9500000000000002       0.65000000000000002        5.5048553573946177E-003  -2.1627948561806432E-006
   4.0499999999999998       0.65000000000000002        5.5039219814614036E-003  -2.8649132687094508E-006
   4.1500000000000004       0.65000000000000002        5.5026545326576394E-003  -3.7186704703430571E-006
   4.2500000000000000       0.65000000000000002        5.5009558181059650E-003  -4.6887768282887037E-006
   4.3500000000000005       0.65000000000000002        5.4987355466113216E-003  -5.6691414539928869E-006
   4.4500000000000002       0.65000000000000002        5.4959575930991888E-003  -6.4428986006220913E-006
   4.5499999999999998       0.65000000000000002        5.4927270250361418E-003  -6.6577319330655014E-006
   4.6500000000000004       0.65000000000000002        5.4894070043263474E-003  -5.8722157409956112E-006
   4.7500000000000000       0.65000000000000002        5.4866976117189867E-003  -3.7312197646092289E-006
   4.8500000000000005       0.65000000000000002        2.7428025865133404E-003   0.0000000000000000     
  -5.0000000000000003E-002  0.75000000000000000        2.7422977301380836E-003   0.0000000000000000     
   5.0000000000000003E-002  0.75000000000000000        5.4853905674425692E-003   2.0383428025391268E-006
  0.15000000000000002       0.75000000000000000        5.4874421794575412E-003   3.3120499311727657E-006
  0.25000000000000000       0.75000000000000000        5.4901344565834219E-003   3.8869450411143014E-006
  0.35000000000000003       0.75000000000000000        5.4929716396019575E-003   3.8864840545904573E-006
  0.45000000000000001       0.75000000000000000        5.4956176733212281E-003   3.5201021390916593E-006
  0.55000000000000004       0.75000000000000000        5.4979032917608040E-003   2.9837948887380471E-006
  0.65000000000000002       0.75000000000000000        5.4997823082192608E-003   2.4151050359916623E-006
  0.75000000000000000       0.75000000000000000        5.5012795163799132E-003   1.8918849212628029E-006
  0.85000000000000009       0.75000000000000000        5.5024510760728722E-003   1.4479075019971978E-006
  0.95000000000000007       0.75000000000000000        5.5033604898611617E-003   1.0900524544611938E-006
   1.0500000000000000       0.75000000000000000        5.5040665031903567E-003   8.1140054447876466E-007
   1.1500000000000001       0.75000000000000000        5.5046183810504700E-003   5.9953041293551341E-007
   1.2500000000000000       0.75000000000000000        5.5050551135860191E-003   4.4108885122155433E-007
   1.3500000000000001       0.75000000000000000        5.5054064064118417E-003   3.2394988439832110E-007
   1.4500000000000002       0.75000000000000000        5.5056942822753353E-003   2.3799509645825307E-007
   1.5500000000000000       0.75000000000000000        5.5059347229181868E-003   1.7519082523930565E-007
   1.6500000000000001       0.75000000000000000        5.5061391138176005E-003   1.2935676165245613E-007
   1.7500000000000000       0.75000000000000000        5.5063154230189197E-003   9.5835522519455196E-008
   1.8500000000000001       0.75000000000000000        5.5064691216242714E-003   7.1163360489199904E-008
   1.9500000000000002       0.75000000000000000        5.5066038822557785E-003   5.2782526311620726E-008
   2.0500000000000003       0.75000000000000000        5.5067220978451716E-003   3.8805755784198662E-008
   2.1499999999999999       0.75000000000000000        5.5068252594093784E-003   2.7829661926931980E-008
   2.2500000000000000       0.75000000000000000        5.5069142244166302E-003   1.8788546676298476E-008
   2.3500000000000001       0.75000000000000000        5.5069893997904094E-003   1.0838867042980552E-008
   2.4500000000000002       0.75000000000000000        5.5070508566336532E-003   3.2649403822453889E-009
   2.5500000000000003       0.75000000000000000        5.5070983876294374E-003  -4.6027383218117867E-009
   2.6500000000000004       0.75000000000000000        5.5071315126484378E-003  -1.3464534245361641E-008
   2.7500000000000000       0.75000000000000000        5.5071494330690566E-003  -2.4131744043274319E-008
   2.8500000000000001       0.75000000000000000        5.5071509303394502E-003  -3.7617528195839419E-008
   2.9500000000000002       0.75000000000000000        5.5071341990287860E-003  -5.5247054691155203E-008
   3.0500000000000003       0.75000000000000000        5.5070965987313028E-003  -7.8795867994607547E-008
   3.1500000000000004       0.75000000000000000        5.5070343025589953E-003  -1.1066576397312903E-007
   3.2500000000000000       0.75000000000000000        5.5069418128105337E-003  -1.5410619803625811E-007
   3.3500000000000001       0.75000000000000000        5.5068113077591553E-003  -2.1348426190914640E-007
   3.4500000000000002       0.75000000000000000        5.5066317800462764E-003  -2.9459336432729514E-007
   3.5500000000000003       0.75000000000000000        5.5063879328774053E-003  -4.0496250442667429E-007
   3.6500000000000004       0.75000000000000000        5.5060588272954816E-003  -5.5407200602028115E-007
   3.7500000000000000       0.75000000000000000        5.5056163456043217E-003  -7.5327891343187468E-007
   3.8500000000000001       0.75000000000000000        5.5050236943430184E-003  -1.0150818209560293E-006
   3.9500000000000002       0.75000000000000000        5.5042344835737490E-003  -1.3510916362496482E-006
   4.0499999999999998       0.75000000000000000        5.5031934840526313E-003  -1.7677412314061129E-006
   4.1500000000000004       0.75000000000000000        5.5018410734153211E-003  -2.2585041564942440E-006
   4.2500000000000000       0.75000000000000000        5.5001246012289957E-003  -2.7916263823630445E-006
   4.3500000000000005       0.75000000000000000        5.4980209250580000E-003  -3.2940481156168431E-006
   4.4500000000000002       0.75000000000000000        5.4955735282533310E-003  -3.6368486092329117E-006
   4.5499999999999998       0.75000000000000000        5.4929412579932313E-003  -3.6365308941357627E-006
   4.6500000000000004       0.75000000000000000        5.4904390641569399E-003  -3.0972750812729582E-006
   4.7500000000000000       0.75000000000000000        5.4885308394587648E-003  -1.9044506622824947E-006
   4.8500000000000005       0.75000000000000000        2.7438955811458798E-003   0.0000000000000000     
  -5.0000000000000003E-002  0.85000000000000009        2.7427326447422512E-003   0.0000000000000000     
   5.0000000000000003E-002  0.85000000000000009        5.4860964016056777E-003   6.2478258452528713E-007
  0.15000000000000002       0.85000000000000009        5.4877741519383559E-003   1.0340610955641051E-006
  0.25000000000000000       0.85000000000000009        5.4900743701842584E-003   1.2349175957371478E-006
  0.35000000000000003       0.85000000000000009        5.4926072484216661E-003   1.2547905006687292E-006
  0.45000000000000001       0.85000000000000009        5.4950693441913568E-003   1.1527589033879910E-006
  0.55000000000000004       0.85000000000000009        5.4972763203178362E-003   9.8899265551566615E-007
  0.65000000000000002       0.85000000000000009        5.4991488697216503E-003   8.0848495334288732E-007
  0.75000000000000000       0.85000000000000009        5.5006797123269792E-003   6.3838983118248241E-007
  0.85000000000000009       0.85000000000000009        5.5019015390915397E-003   4.9162998295491837E-007
  0.95000000000000007       0.85000000000000009        5.5028635615347078E-003   3.7189286890698970E-007
   1.0500000000000000       0.85000000000000009        5.5036172416810143E-003   2.7781371703941812E-007
   1.1500000000000001       0.85000000000000009        5.5042090308617293E-003   2.0580035570162015E-007
   1.2500000000000000       0.85000000000000009        5.5046775786604576E-003   1.5167779991674969E-007
   1.3500000000000001       0.85000000000000009        5.5050534148082045E-003   1.1151619917433542E-007
   1.4500000000000002       0.85000000000000009        5.5053597952594794E-003   8.1966970650829126E-008
   1.5500000000000000       0.85000000000000009        5.5056139566053075E-003   6.0335218507573562E-008
   1.6500000000000001       0.85000000000000009        5.5058283911538367E-003   4.4528508692634177E-008
   1.7500000000000000       0.85000000000000009        5.5060119728101500E-003   3.2959720755121867E-008
   1.8500000000000001       0.85000000000000009        5.5061708805989873E-003   2.4442952562967604E-008
   1.9500000000000002       0.85000000000000009        5.5063093226655098E-003   1.8099474172236832E-008
   2.0500000000000003       0.85000000000000009        5.5064300861016793E-003   1.3279223409834586E-008
   2.1499999999999999       0.85000000000000009        5.5065349434594369E-003   9.4978369515091681E-009
   2.2500000000000000       0.85000000000000009        5.5066249445328598E-003   6.3869133491372399E-009
   2.3500000000000001       0.85000000000000009        5.5067006166949935E-003   3.6544815762242174E-009
   2.4500000000000002       0.85000000000000009        5.5067620910210389E-003   1.0526116397516275E-009
   2.5500000000000003       0.85000000000000009        5.5068091655277171E-003  -1.6507085958968396E-009
   2.6500000000000004       0.85000000000000009        5.5068413113325268E-003  -4.6981193667744032E-009
   2.7500000000000000       0.85000000000000009        5.5068576222846799E-003  -8.3704597589895805E-009
   2.8500000000000001       0.85000000000000009        5.5068567034134760E-003  -1.3018006318688367E-008
   2.9500000000000002       0.85000000000000009        5.5068364881493918E-003  -1.9098165303225827E-008
   3.0500000000000003       0.85000000000000009        5.5067939685884129E-003  -2.7222554488001061E-008
   3.1500000000000004       0.85000000000000009        5.5067248172894689E-003  -3.8216354509911647E-008
   3.2500000000000000       0.85000000000000009        5.5066228740639593E-003  -5.3192113250819562E-008
   3.3500000000000001       0.85000000000000009        5.5064794690521434E-003  -7.3638013796174609E-008
   3.4500000000000002       0.85000000000000009        5.5062825585633184E-003  -1.0151543961313782E-007
   3.5500000000000003       0.85000000000000009        5.5060156713235267E-003  -1.3934985898790054E-007
   3.6500000000000004       0.85000000000000009        5.5056567153842460E-003  -1.9027841528892268E-007
   3.7500000000000000       0.85000000000000009        5.5051768055329785E-003  -2.5798126281752206E-007
   3.8500000000000001       0.85000000000000009        5.5045394754098488E-003  -3.4636525436061908E-007
   3.9500000000000002       0.85000000000000009        5.5037009837234745E-003  -4.5878618930847943E-007
   4.0499999999999998       0.85000000000000009        5.5026129418275027E-003  -5.9650554447985096E-007
   4.1500000000000004       0.85000000000000009        5.5012291335651709E-003  -7.5604211374779036E-007
   4.2500000000000000       0.85000000000000009        5.4995189018421774E-003  -9.2525456654436743E-007
   4.3500000000000005       0.85000000000000009        5.4974891247122912E-003  -1.0786705756002813E-006
   4.4500000000000002       0.85000000000000009        5.4952142194651891E-003  -1.1741311382678026E-006
   4.5499999999999998       0.85000000000000009        5.4928669743366920E-003  -1.1553203121665650E-006
   4.6500000000000004       0.85000000000000009        5.4907316136044706E-003  -9.6700397331823634E-007
   4.7500000000000000       0.85000000000000009        5.4891729324077184E-003  -5.8372343771310340E-007
   4.8500000000000005       0.85000000000000009        2.7442932677934134E-003   0.0000000000000000     
