  -5.0000000000000003E-002  -5.0000000000000003E-002   9.6313320284300554E-004   0.0000000000000000     
   5.0000000000000003E-002  -5.0000000000000003E-002   1.7791441074647752E-003   1.4712783943631827E-004
  0.15000000000000002       -5.0000000000000003E-002   1.5593856555233486E-003   7.2647151834284916E-005
  0.25000000000000000       -5.0000000000000003E-002   1.4591144594094357E-003   2.7651330493136784E-005
  0.35000000000000003       -5.0000000000000003E-002   1.4209725688041077E-003   1.0528179498221943E-005
  0.45000000000000001       -5.0000000000000003E-002   1.4058234816421065E-003   4.6682906355046824E-006
  0.55000000000000004       -5.0000000000000003E-002   1.3987119296501433E-003   2.4996915861709500E-006
  0.65000000000000002       -5.0000000000000003E-002   1.3947588785777104E-003   1.5179855281988589E-006
  0.75000000000000000       -5.0000000000000003E-002   1.3923284030278094E-003   9.8433911198257425E-007
  0.85000000000000009       -5.0000000000000003E-002   1.3907595496351593E-003   6.6250808242254154E-007
  0.95000000000000007       -5.0000000000000003E-002   1.3897223351350529E-003   4.5767844742436455E-007
   1.0500000000000000       -5.0000000000000003E-002   1.3890283372213030E-003   3.2303391025276061E-007
   1.1500000000000001       -5.0000000000000003E-002   1.3885620334974614E-003   2.3244142028923639E-007
   1.2500000000000000       -5.0000000000000003E-002   1.3882496190487517E-003   1.7028774762054825E-007
   1.3500000000000001       -5.0000000000000003E-002   1.3880426264837086E-003   1.2684084339198049E-007
   1.4500000000000002       -5.0000000000000003E-002   1.3879085835731377E-003   9.5850940058554895E-008
   1.5500000000000000       -5.0000000000000003E-002   1.3878254044410441E-003   7.3215611019308556E-008
   1.6500000000000001       -5.0000000000000003E-002   1.3877778955550921E-003   5.6199283476498835E-008
   1.7500000000000000       -5.0000000000000003E-002   1.3877555156972753E-003   4.2958789501163610E-008
   1.8500000000000001       -5.0000000000000003E-002   1.3877509072980536E-003   3.2245184947639253E-008
   1.9500000000000002       -5.0000000000000003E-002   1.3877589173689686E-003   2.3210776921692863E-008
   2.0500000000000003       -5.0000000000000003E-002   1.3877759378318399E-003   1.5280882747489842E-008
   2.1499999999999999       -5.0000000000000003E-002   1.3877994594900494E-003   8.0663807762181949E-009
   2.2500000000000000       -5.0000000000000003E-002   1.3878277725716099E-003   1.3023426983496900E-009
   2.3500000000000001       -5.0000000000000003E-002   1.3878597709430299E-003  -5.1966743899446011E-009
   2.4500000000000002       -5.0000000000000003E-002   1.3878948328993048E-003  -1.1571021313043465E-008
   2.5500000000000003       -5.0000000000000003E-002   1.3879327623969298E-003  -1.7944610780033780E-008
   2.6500000000000004       -5.0000000000000003E-002   1.3879737828561218E-003  -2.4451473776482118E-008
   2.7500000000000000       -5.0000000000000003E-002   1.3880185826568247E-003  -3.1263532437013882E-008
   2.8500000000000001       -5.0000000000000003E-002   1.3880684183272245E-003  -3.8623107088625116E-008
   2.9500000000000002       -5.0000000000000003E-002   1.3881252892862434E-003  -4.6884461078199401E-008
   3.0500000000000003       -5.0000000000000003E-002   1.3881922082161762E-003  -5.6570254507993529E-008
   3.1500000000000004       -5.0000000000000003E-002   1.3882736056930517E-003  -6.8451549316297549E-008
   3.2500000000000000       -5.0000000000000003E-002   1.3883759298168336E-003  -8.3664802646703565E-008
   3.3500000000000001       -5.0000000000000003E-002   1.3885085368773786E-003  -1.0388767341908272E-007
   3.4500000000000002       -5.0000000000000003E-002   1.3886850278092336E-003  -1.3161050610311915E-007
   3.5500000000000003       -5.0000000000000003E-002   1.3889252867398444E-003  -1.7056815507384997E-007
   3.6500000000000004       -5.0000000000000003E-002   1.3892586605760854E-003  -2.2645010698867042E-007
   3.7500000000000000       -5.0000000000000003E-002   1.3897290619295489E-003  -3.0811428452281753E-007
   3.8500000000000001       -5.0000000000000003E-002   1.3904034639500712E-003  -4.2976540762316302E-007
   3.9500000000000002       -5.0000000000000003E-002   1.3913867757160492E-003  -6.1515711089465156E-007
   4.0499999999999998       -5.0000000000000003E-002   1.3928500946656886E-003  -9.0676645520597217E-007
   4.1500000000000004       -5.0000000000000003E-002   1.3950927102581018E-003  -1.3903699067557856E-006
   4.2500000000000000       -5.0000000000000003E-002   1.3987128079865725E-003  -2.2791666556153360E-006
   4.3500000000000005       -5.0000000000000003E-002   1.4051904976876415E-003  -4.2419782401665445E-006
   4.4500000000000002       -5.0000000000000003E-002   1.4189670896050444E-003  -9.5712950483860361E-006
   4.5499999999999998       -5.0000000000000003E-002   1.4538130195000608E-003  -2.5303876984182358E-005
   4.6500000000000004       -5.0000000000000003E-002   1.5462664661639474E-003  -6.7170843105494093E-005
   4.7500000000000000       -5.0000000000000003E-002   1.7511165574801838E-003  -1.3769216816331999E-004
   4.8500000000000005       -5.0000000000000003E-002   9.4440219642558327E-004   0.0000000000000000     
  -5.0000000000000003E-002   5.0000000000000003E-002   2.9485003327518809E-003   0.0000000000000000     
   5.0000000000000003E-002   5.0000000000000003E-002   5.8775015975792329E-003   3.1376028800839887E-004
  0.15000000000000002        5.0000000000000003E-002   5.8138535578674457E-003   1.8945427356229606E-004
  0.25000000000000000        5.0000000000000003E-002   5.7364526337675900E-003   8.8570901386999628E-005
  0.35000000000000003        5.0000000000000003E-002   5.6835381644115323E-003   4.0740207311753010E-005
  0.45000000000000001        5.0000000000000003E-002   5.6526664121210471E-003   2.0571868185151293E-005
  0.55000000000000004        5.0000000000000003E-002   5.6348708082485377E-003   1.1616130321481385E-005
  0.65000000000000002        5.0000000000000003E-002   5.6242392251704297E-003   7.1154329828149212E-006
  0.75000000000000000        5.0000000000000003E-002   5.6176106333782339E-003   4.5896571307099750E-006
  0.85000000000000009        5.0000000000000003E-002   5.6133299675755347E-003   3.0626968092066173E-006
  0.95000000000000007        5.0000000000000003E-002   5.6104967414147945E-003   2.0938743844469821E-006
   1.0500000000000000        5.0000000000000003E-002   5.6085922867183634E-003   1.4587194124841109E-006
   1.1500000000000001        5.0000000000000003E-002   5.6073012736652175E-003   1.0324158483465423E-006
   1.2500000000000000        5.0000000000000003E-002   5.6064235470881310E-003   7.4108372331522630E-007
   1.3500000000000001        5.0000000000000003E-002   5.6058279022176884E-003   5.3895429527843070E-007
   1.4500000000000002        5.0000000000000003E-002   5.6054262819621699E-003   3.9669834174236590E-007
   1.5500000000000000        5.0000000000000003E-002   5.6051585619205204E-003   2.9504216525576371E-007
   1.6500000000000001        5.0000000000000003E-002   5.6049831720863278E-003   2.2108341403914850E-007
   1.7500000000000000        5.0000000000000003E-002   5.6048711139856482E-003   1.6606899951559981E-007
   1.8500000000000001        5.0000000000000003E-002   5.6048020440865719E-003   1.2400438038034567E-007
   1.9500000000000002        5.0000000000000003E-002   5.6047616621774819E-003   9.0755447531119517E-008
   2.0500000000000003        5.0000000000000003E-002   5.6047399497145068E-003   6.3452425803984891E-008
   2.1499999999999999        5.0000000000000003E-002   5.6047299768508460E-003   4.0083861762773255E-008
   2.2500000000000000        5.0000000000000003E-002   5.6047271000738367E-003   1.9212149367171202E-008
   2.3500000000000001        5.0000000000000003E-002   5.6047284365591619E-003  -2.3326895375624700E-010
   2.4500000000000002        5.0000000000000003E-002   5.6047325432753304E-003  -1.9114581277780198E-008
   2.5500000000000003        5.0000000000000003E-002   5.6047392579720978E-003  -3.8217509983125907E-008
   2.6500000000000004        5.0000000000000003E-002   5.6047496811578792E-003  -5.8373458843368732E-008
   2.7500000000000000        5.0000000000000003E-002   5.6047662968259785E-003  -8.0587408721577564E-008
   2.8500000000000001        5.0000000000000003E-002   5.6047932480287263E-003  -1.0618801703998780E-007
   2.9500000000000002        5.0000000000000003E-002   5.6048368043627225E-003  -1.3702003103952666E-007
   3.0500000000000003        5.0000000000000003E-002   5.6049060856281077E-003  -1.7570641409567175E-007
   3.1500000000000004        5.0000000000000003E-002   5.6050141446441926E-003  -2.2602049447525814E-007
   3.2500000000000000        5.0000000000000003E-002   5.6051795711131794E-003  -2.9343086020608068E-007
   3.3500000000000001        5.0000000000000003E-002   5.6054288728613491E-003  -3.8592120570162511E-007
   3.4500000000000002        5.0000000000000003E-002   5.6058000494723544E-003  -5.1525895944571292E-007
   3.5500000000000003        5.0000000000000003E-002   5.6063480528551965E-003  -6.9902142199068072E-007
   3.6500000000000004        5.0000000000000003E-002   5.6071533470976711E-003  -9.6395371526547191E-007
   3.7500000000000000        5.0000000000000003E-002   5.6083357932865709E-003  -1.3517842396379003E-006
   3.8500000000000001        5.0000000000000003E-002   5.6100781882700134E-003  -1.9298477456800103E-006
   3.9500000000000002        5.0000000000000003E-002   5.6126684127880576E-003  -2.8118325098349343E-006
   4.0499999999999998        5.0000000000000003E-002   5.6165797794185271E-003  -4.2019858200072688E-006
   4.1500000000000004        5.0000000000000003E-002   5.6226336291860931E-003  -6.5006573953808574E-006
   4.2500000000000000        5.0000000000000003E-002   5.6323387613847588E-003  -1.0592986720686060E-005
   4.3500000000000005        5.0000000000000003E-002   5.6485736380888938E-003  -1.8727634933585186E-005
   4.4500000000000002        5.0000000000000003E-002   5.6767089917674493E-003  -3.7070946662791447E-005
   4.5499999999999998        5.0000000000000003E-002   5.7248834069830749E-003  -8.0883054731306135E-005
   4.6500000000000004        5.0000000000000003E-002   5.7952918853688019E-003  -1.7449613724196999E-004
   4.7500000000000000        5.0000000000000003E-002   5.8524369722584187E-003  -2.9238789212717798E-004
   4.8500000000000005        5.0000000000000003E-002   2.9347180976350994E-003   0.0000000000000000     
  -5.0000000000000003E-002  0.15000000000000002        3.7206297050263811E-003   0.0000000000000000     
   5.0000000000000003E-002  0.15000000000000002        7.4933950424080709E-003   2.8113480599589486E-004
  0.15000000000000002       0.15000000000000002        7.5634604019375442E-003   2.1569551437997962E-004
  0.25000000000000000       0.15000000000000002        7.5793581664844543E-003   1.2388739249077611E-004
  0.35000000000000003       0.15000000000000002        7.5701090264012746E-003   6.7662564338708892E-005
  0.45000000000000001       0.15000000000000002        7.5562733759615905E-003   3.8451679730495782E-005
  0.55000000000000004       0.15000000000000002        7.5447746912930165E-003   2.3143467656214492E-005
  0.65000000000000002       0.15000000000000002        7.5365099411214519E-003   1.4613680844041707E-005
  0.75000000000000000       0.15000000000000002        7.5308122926563519E-003   9.5613475548191772E-006
  0.85000000000000009       0.15000000000000002        7.5269202406381998E-003   6.4197116444695053E-006
  0.95000000000000007       0.15000000000000002        7.5242625387725477E-003   4.3937314602624787E-006
   1.0500000000000000       0.15000000000000002        7.5224475558842881E-003   3.0517286274191679E-006
   1.1500000000000001       0.15000000000000002        7.5212113092686054E-003   2.1450093297782569E-006
   1.2500000000000000       0.15000000000000002        7.5203750304719654E-003   1.5231248670588546E-006
   1.3500000000000001       0.15000000000000002        7.5198164072567356E-003   1.0914531040793346E-006
   1.4500000000000002       0.15000000000000002        7.5194508655879845E-003   7.8865902273754448E-007
   1.5500000000000000       0.15000000000000002        7.5192193828325718E-003   5.7405894674000396E-007
   1.6500000000000001       0.15000000000000002        7.5190804545993270E-003   4.2019655493517801E-007
   1.7500000000000000       0.15000000000000002        7.5190047235421439E-003   3.0830129761130804E-007
   1.8500000000000001       0.15000000000000002        7.5189713433868122E-003   2.2541315322500830E-007
   1.9500000000000002       0.15000000000000002        7.5189654953275297E-003   1.6250859203760185E-007
   2.0500000000000003       0.15000000000000002        7.5189766834913487E-003   1.1324772805725035E-007
   2.1499999999999999       0.15000000000000002        7.5189975663286579E-003   7.3116352410359535E-008
   2.2500000000000000       0.15000000000000002        7.5190231638239367E-003   3.8822495282576369E-008
   2.3500000000000001       0.15000000000000002        7.5190503350875890E-003   7.8566828131406014E-009
   2.4500000000000002       0.15000000000000002        7.5190774582820684E-003  -2.1845932518476501E-008
   2.5500000000000003       0.15000000000000002        7.5191042717627048E-003  -5.2186592205622408E-008
   2.6500000000000004       0.15000000000000002        7.5191318562047591E-003  -8.5163219814537739E-008
   2.7500000000000000       0.15000000000000002        7.5191627555006579E-003  -1.2314296562785307E-007
   2.8500000000000001       0.15000000000000002        7.5192012519306540E-003  -1.6918195329455944E-007
   2.9500000000000002       0.15000000000000002        7.5192538310726318E-003  -2.2743469193511825E-007
   3.0500000000000003       0.15000000000000002        7.5193298971220094E-003  -3.0371052458688171E-007
   3.1500000000000004       0.15000000000000002        7.5194428338602867E-003  -4.0626066199720998E-007
   3.2500000000000000       0.15000000000000002        7.5196115567027081E-003  -5.4692431690013674E-007
   3.3500000000000001       0.15000000000000002        7.5198627772194611E-003  -7.4284069058334176E-007
   3.4500000000000002       0.15000000000000002        7.5202343203682421E-003  -1.0190735670886101E-006
   3.5500000000000003       0.15000000000000002        7.5207800257982996E-003  -1.4127549203472280E-006
   3.6500000000000004       0.15000000000000002        7.5215770780325533E-003  -1.9798553746605315E-006
   3.7500000000000000       0.15000000000000002        7.5227371251831814E-003  -2.8067018255495346E-006
   3.8500000000000001       0.15000000000000002        7.5244233537564344E-003  -4.0305088925661469E-006
   3.9500000000000002       0.15000000000000002        7.5268767225015317E-003  -5.8779859700138058E-006
   4.0499999999999998       0.15000000000000002        7.5304546978476657E-003  -8.7423834169009698E-006
   4.1500000000000004       0.15000000000000002        7.5356788501537899E-003  -1.3347303270082674E-005
   4.2500000000000000       0.15000000000000002        7.5432455629413321E-003  -2.1117063372437470E-005
   4.3500000000000005       0.15000000000000002        7.5537696543682724E-003  -3.5049436690555037E-005
   4.4500000000000002       0.15000000000000002        7.5664412068823950E-003  -6.1629413746669835E-005
   4.5499999999999998       0.15000000000000002        7.5748593260361648E-003  -1.1297560621702860E-004
   4.6500000000000004       0.15000000000000002        7.5597723956970430E-003  -1.9776768060001559E-004
   4.7500000000000000       0.15000000000000002        7.4937387481731239E-003  -2.6025362800696859E-004
   4.8500000000000005       0.15000000000000002        3.7222982977337649E-003   0.0000000000000000     
  -5.0000000000000003E-002  0.25000000000000000        4.0069935910724344E-003   0.0000000000000000     
   5.0000000000000003E-002  0.25000000000000000        8.0652598003423497E-003   1.7773763785437370E-004
  0.15000000000000002       0.25000000000000000        8.1500453315021051E-003   1.6427487043424948E-004
  0.25000000000000000       0.25000000000000000        8.1966652378393599E-003   1.1284493788641249E-004
  0.35000000000000003       0.25000000000000000        8.2126137968538630E-003   7.2080838655811045E-005
  0.45000000000000001       0.25000000000000000        8.2146527147731845E-003   4.5924903716233923E-005
  0.55000000000000004       0.25000000000000000        8.2121772901816888E-003   2.9757213198637628E-005
  0.65000000000000002       0.25000000000000000        8.2089009357776792E-003   1.9670291742470879E-005
  0.75000000000000000       0.25000000000000000        8.2060068560417115E-003   1.3240162795699998E-005
  0.85000000000000009       0.25000000000000000        8.2037495975500561E-003   9.0461942547839311E-006
  0.95000000000000007       0.25000000000000000        8.2020857209590663E-003   6.2547710883662672E-006
   1.0500000000000000       0.25000000000000000        8.2008989280135773E-003   4.3658934321014168E-006
   1.1500000000000001       0.25000000000000000        8.2000733886444591E-003   3.0709734280079664E-006
   1.2500000000000000       0.25000000000000000        8.1995133771439500E-003   2.1740802073609131E-006
   1.3500000000000001       0.25000000000000000        8.1991451135307609E-003   1.5476563501167034E-006
   1.4500000000000002       0.25000000000000000        8.1989134882674737E-003   1.1069201681538776E-006
   1.5500000000000000       0.25000000000000000        8.1987779552764387E-003   7.9458811161149749E-007
   1.6500000000000001       0.25000000000000000        8.1987089017908008E-003   5.7146086843923982E-007
   1.7500000000000000       0.25000000000000000        8.1986847767249443E-003   4.1044930045320495E-007
   1.8500000000000001       0.25000000000000000        8.1986899293651841E-003   2.9268360317418321E-007
   1.9500000000000002       0.25000000000000000        8.1987130259895940E-003   2.0492145731238612E-007
   2.0500000000000003       0.25000000000000000        8.1987459104991105E-003   1.3778627967057488E-007
   2.1499999999999999       0.25000000000000000        8.1987827976473075E-003   8.4545536571958355E-008
   2.2500000000000000       0.25000000000000000        8.1988197135648751E-003   4.0243420604992866E-008
   2.3500000000000001       0.25000000000000000        8.1988541216152823E-003   1.0644708024079565E-009
   2.4500000000000002       0.25000000000000000        8.1988846909273223E-003  -3.6157721703617106E-008
   2.5500000000000003       0.25000000000000000        8.1989111807336743E-003  -7.4350338461177116E-008
   2.6500000000000004       0.25000000000000000        8.1989344269436486E-003  -1.1658132009688495E-007
   2.7500000000000000       0.25000000000000000        8.1989564293478995E-003  -1.6645688570600238E-007
   2.8500000000000001       0.25000000000000000        8.1989805496436932E-003  -2.2858657356998339E-007
   2.9500000000000002       0.25000000000000000        8.1990118432192678E-003  -3.0917585318188816E-007
   3.0500000000000003       0.25000000000000000        8.1990575624595260E-003  -4.1682604204991120E-007
   3.1500000000000004       0.25000000000000000        8.1991278872233925E-003  -5.6365509361804642E-007
   3.2500000000000000       0.25000000000000000        8.1992369595751072E-003  -7.6690930768056991E-007
   3.3500000000000001       0.25000000000000000        8.1994043236730089E-003  -1.0513309001822074E-006
   3.4500000000000002       0.25000000000000000        8.1996568920917421E-003  -1.4527091619843071E-006
   3.5500000000000003       0.25000000000000000        8.2000315581019518E-003  -2.0233299598610138E-006
   3.6500000000000004       0.25000000000000000        8.2005784960603578E-003  -2.8405591083535764E-006
   3.7500000000000000       0.25000000000000000        8.2013648905825947E-003  -4.0207655701958628E-006
   3.8500000000000001       0.25000000000000000        8.2024778990737804E-003  -5.7426372900287892E-006
   3.9500000000000002       0.25000000000000000        8.2040229431983164E-003  -8.2874916912037778E-006
   4.0499999999999998       0.25000000000000000        8.2061057946135173E-003  -1.2110913447732621E-005
   4.1500000000000004       0.25000000000000000        8.2087658317567692E-003  -1.7972004003385731E-005
   4.2500000000000000       0.25000000000000000        8.2117713794208798E-003  -2.7163500555916114E-005
   4.3500000000000005       0.25000000000000000        8.2140468686992471E-003  -4.1889490424204277E-005
   4.4500000000000002       0.25000000000000000        8.2122162084845435E-003  -6.5703614905179933E-005
   4.5499999999999998       0.25000000000000000        8.1976972128378050E-003  -1.0285901272164452E-004
   4.6500000000000004       0.25000000000000000        8.1549548370519424E-003  -1.5009751473553544E-004
   4.7500000000000000       0.25000000000000000        8.0765237608165993E-003  -1.6348490996487782E-004
   4.8500000000000005       0.25000000000000000        4.0144442649565071E-003   0.0000000000000000     
  -5.0000000000000003E-002  0.35000000000000003        4.1036948052516958E-003   0.0000000000000000     
   5.0000000000000003E-002  0.35000000000000003        8.2376917536765796E-003   9.6173958890772275E-005
  0.15000000000000002       0.35000000000000003        8.2933365979568456E-003   1.0544125254728323E-004
  0.25000000000000000       0.35000000000000003        8.3330515020328538E-003   8.5398317673539612E-005
  0.35000000000000003       0.35000000000000003        8.3541954123528706E-003   6.2510228149785518E-005
  0.45000000000000001       0.35000000000000003        8.3637048315804360E-003   4.4041942822086300E-005
  0.55000000000000004       0.35000000000000003        8.3673028763743568E-003   3.0630414115935259E-005
  0.65000000000000002       0.35000000000000003        8.3682430841125043E-003   2.1262489307738655E-005
  0.75000000000000000       0.35000000000000003        8.3681298859968039E-003   1.4798940966503523E-005
  0.85000000000000009       0.35000000000000003        8.3676873902538591E-003   1.0343157601727092E-005
  0.95000000000000007       0.35000000000000003        8.3672147535391976E-003   7.2602647671487478E-006
   1.0500000000000000       0.35000000000000003        8.3668187195147792E-003   5.1166552580954146E-006
   1.1500000000000001       0.35000000000000003        8.3665240375425179E-003   3.6187757958973907E-006
   1.2500000000000000       0.35000000000000003        8.3663235702501355E-003   2.5673857077546527E-006
   1.3500000000000001       0.35000000000000003        8.3662001062993659E-003   1.8263501062750905E-006
   1.4500000000000002       0.35000000000000003        8.3661353032398449E-003   1.3019521306042038E-006
   1.5500000000000000       0.35000000000000003        8.3661129381166419E-003   9.2922876634237314E-007
   1.6500000000000001       0.35000000000000003        8.3661197410022561E-003   6.6288251600160210E-007
   1.7500000000000000       0.35000000000000003        8.3661452799739695E-003   4.7116988769435972E-007
   1.8500000000000001       0.35000000000000003        8.3661815386862487E-003   3.3174255385756837E-007
   1.9500000000000002       0.35000000000000003        8.3662224524956429E-003   2.2878391203956014E-007
   2.0500000000000003       0.35000000000000003        8.3662635019072801E-003   1.5101395962553170E-007
   2.1499999999999999       0.35000000000000003        8.3663013902990930E-003   9.0280010761784820E-008
   2.2500000000000000       0.35000000000000003        8.3663338044371715E-003   4.0542393629882574E-008
   2.3500000000000001       0.35000000000000003        8.3663592472065992E-003  -2.8773062318837527E-009
   2.4500000000000002       0.35000000000000003        8.3663769312244916E-003  -4.3880772762041471E-008
   2.5500000000000003       0.35000000000000003        8.3663867246113483E-003  -8.6082724478317674E-008
   2.6500000000000004       0.35000000000000003        8.3663891440251392E-003  -1.3326573982830481E-007
   2.7500000000000000       0.35000000000000003        8.3663853942340261E-003  -1.8985537910783391E-007
   2.8500000000000001       0.35000000000000003        8.3663774576388916E-003  -2.6147356786820829E-007
   2.9500000000000002       0.35000000000000003        8.3663682408968397E-003  -3.5563872204689222E-007
   3.0500000000000003       0.35000000000000003        8.3663617883438703E-003  -4.8270120901741330E-007
   3.1500000000000004       0.35000000000000003        8.3663635713115553E-003  -6.5713605911817663E-007
   3.2500000000000000       0.35000000000000003        8.3663808541480297E-003  -8.9936770791310372E-007
   3.3500000000000001       0.35000000000000003        8.3664231117257012E-003  -1.2383847066972234E-006
   3.4500000000000002       0.35000000000000003        8.3665024075328300E-003  -1.7155337608694643E-006
   3.5500000000000003       0.35000000000000003        8.3666334886849450E-003  -2.3900916580815589E-006
   3.6500000000000004       0.35000000000000003        8.3668330117428764E-003  -3.3475469467429491E-006
   3.7500000000000000       0.35000000000000003        8.3671165588000557E-003  -4.7120450565289042E-006
   3.8500000000000001       0.35000000000000003        8.3674904574005931E-003  -6.6652199140444584E-006
   3.9500000000000002       0.35000000000000003        8.3679318653878624E-003  -9.4745823710835958E-006
   4.0499999999999998       0.35000000000000003        8.3683430794413427E-003  -1.3535097173366676E-005
   4.1500000000000004       0.35000000000000003        8.3684509415605218E-003  -1.9424760805068568E-005
   4.2500000000000000       0.35000000000000003        8.3675951407280492E-003  -2.7959368005942408E-005
   4.3500000000000005       0.35000000000000003        8.3643138308044842E-003  -4.0174712501317174E-005
   4.4500000000000002       0.35000000000000003        8.3556438627577848E-003  -5.6991127126154950E-005
   4.5499999999999998       0.35000000000000003        8.3363677057365221E-003  -7.7834831962304306E-005
   4.6500000000000004       0.35000000000000003        8.3001071413411481E-003  -9.6161302059539737E-005
   4.7500000000000000       0.35000000000000003        8.2490847855329757E-003  -8.7993530438384808E-005
   4.8500000000000005       0.35000000000000003        4.1106099856734442E-003   0.0000000000000000     
  -5.0000000000000003E-002  0.45000000000000001        4.1367022386865808E-003   0.0000000000000000     
   5.0000000000000003E-002  0.45000000000000001        8.2885686084808313E-003   5.0718767015596664E-005
  0.15000000000000002       0.45000000000000001        8.3194719742540491E-003   6.4381312954259247E-005
  0.25000000000000000       0.45000000000000001        8.3466864320070593E-003   5.9583467744104369E-005
  0.35000000000000003       0.45000000000000001        8.3653661738862014E-003   4.8576664486236472E-005
  0.45000000000000001       0.45000000000000001        8.3767537910947702E-003   3.7173235784324395E-005
  0.55000000000000004       0.45000000000000001        8.3832669433960179E-003   2.7500784269973513E-005
  0.65000000000000002       0.45000000000000001        8.3868725244504935E-003   1.9975582161644318E-005
  0.75000000000000000       0.45000000000000001        8.3888482047673029E-003   1.4367063777996620E-005
  0.85000000000000009       0.45000000000000001        8.3899419443347108E-003   1.0279778229561041E-005
  0.95000000000000007       0.45000000000000001        8.3905677890351877E-003   7.3363798530703379E-006
   1.0500000000000000       0.45000000000000001        8.3909477444899950E-003   5.2300472553261262E-006
   1.1500000000000001       0.45000000000000001        8.3911985829362851E-003   3.7275701553447453E-006
   1.2500000000000000       0.45000000000000001        8.3913809101777287E-003   2.6573604527046783E-006
   1.3500000000000001       0.45000000000000001        8.3915257738180447E-003   1.8952473426733121E-006
   1.4500000000000002       0.45000000000000001        8.3916487780704013E-003   1.3521510760388904E-006
   1.5500000000000000       0.45000000000000001        8.3917574903206622E-003   9.6445717656053053E-007
   1.6500000000000001       0.45000000000000001        8.3918553129459610E-003   6.8684027813631696E-007
   1.7500000000000000       0.45000000000000001        8.3919435100397854E-003   4.8703218319635306E-007
   1.8500000000000001       0.45000000000000001        8.3920222744342937E-003   3.4204802632695324E-007
   1.9500000000000002       0.45000000000000001        8.3920912951955234E-003   2.3547569451100040E-007
   2.0500000000000003       0.45000000000000001        8.3921500638899655E-003   1.5552811550664737E-007
   2.1499999999999999       0.45000000000000001        8.3921980428975102E-003   9.3636140688867038E-008
   2.2500000000000000       0.45000000000000001        8.3922347595580832E-003   4.3418961469282627E-008
   2.3500000000000001       0.45000000000000001        8.3922598591402216E-003  -8.8213618298862042E-011
   2.4500000000000002       0.45000000000000001        8.3922731335699177E-003  -4.1039812245863418E-008
   2.5500000000000003       0.45000000000000001        8.3922745343154529E-003  -8.3290059694513947E-008
   2.6500000000000004       0.45000000000000001        8.3922641729652688E-003  -1.3086764599979657E-007
   2.7500000000000000       0.45000000000000001        8.3922423097148174E-003  -1.8847072461105677E-007
   2.8500000000000001       0.45000000000000001        8.3922093267460481E-003  -2.6204043631295859E-007
   2.9500000000000002       0.45000000000000001        8.3921656789328770E-003  -3.5948031656596737E-007
   3.0500000000000003       0.45000000000000001        8.3921118064327997E-003  -4.9160589648449467E-007
   3.1500000000000004       0.45000000000000001        8.3920479790155194E-003  -6.7343530763304060E-007
   3.2500000000000000       0.45000000000000001        8.3919740138144270E-003  -9.2597025542217604E-007
   3.3500000000000001       0.45000000000000001        8.3918887538489747E-003  -1.2786702844092058E-006
   3.4500000000000002       0.45000000000000001        8.3917890896870947E-003  -1.7728939888084445E-006
   3.5500000000000003       0.45000000000000001        8.3916681042608913E-003  -2.4666662710659756E-006
   3.6500000000000004       0.45000000000000001        8.3915115333035879E-003  -3.4412129345856613E-006
   3.7500000000000000       0.45000000000000001        8.3912910013317563E-003  -4.8097198793059251E-006
   3.8500000000000001       0.45000000000000001        8.3909511423923451E-003  -6.7285397513571429E-006
   3.9500000000000002       0.45000000000000001        8.3903853388937397E-003  -9.4100881955715257E-006
   4.0499999999999998       0.45000000000000001        8.3893910114673891E-003  -1.3133686894912671E-005
   4.1500000000000004       0.45000000000000001        8.3875905637380219E-003  -1.8242626721614424E-005
   4.2500000000000000       0.45000000000000001        8.3843022361258929E-003  -2.5096251049867752E-005
   4.3500000000000005       0.45000000000000001        8.3783619284470978E-003  -3.3903122014222094E-005
   4.4500000000000002       0.45000000000000001        8.3679779857993696E-003  -4.4282169467242811E-005
   4.5499999999999998       0.45000000000000001        8.3509472664191776E-003  -5.4295397340593263E-005
   4.6500000000000004       0.45000000000000001        8.3261284127114383E-003  -5.8663865317636898E-005
   4.7500000000000000       0.45000000000000001        8.2979047052285145E-003  -4.6270743726339082E-005
   4.8500000000000005       0.45000000000000001        4.1420190335703403E-003   0.0000000000000000     
  -5.0000000000000003E-002  0.55000000000000004        4.1509255006185412E-003   0.0000000000000000     
   5.0000000000000003E-002  0.55000000000000004        8.3096651682221401E-003   2.7751551329949375E-005
  0.15000000000000002       0.55000000000000004        8.3271515462558302E-003   3.8991863422479930E-005
  0.25000000000000000       0.55000000000000004        8.3452944592870525E-003   3.9670118805129991E-005
  0.35000000000000003       0.55000000000000004        8.3601543392001799E-003   3.5025630248640953E-005
  0.45000000000000001       0.55000000000000004        8.3710077924303052E-003   2.8577965330038088E-005
  0.55000000000000004       0.55000000000000004        8.3784760104337885E-003   2.2227544645225786E-005
  0.65000000000000002       0.55000000000000004        8.3834737566349099E-003   1.6774746347642128E-005
  0.75000000000000000       0.55000000000000004        8.3867934209679567E-003   1.2416252826700003E-005
  0.85000000000000009       0.55000000000000004        8.3890116670452177E-003   9.0745908195054510E-006
  0.95000000000000007       0.55000000000000004        8.3905159134630251E-003   6.5774198650930121E-006
   1.0500000000000000       0.55000000000000004        8.3915568313271162E-003   4.7415624594632151E-006
   1.1500000000000001       0.55000000000000004        8.3922942812841763E-003   3.4061094005596924E-006
   1.2500000000000000       0.55000000000000004        8.3928300925355855E-003   2.4413117902336511E-006
   1.3500000000000001       0.55000000000000004        8.3932295188070532E-003   1.7472777861646010E-006
   1.4500000000000002       0.55000000000000004        8.3935347494573983E-003   1.2491831258535372E-006
   1.5500000000000000       0.55000000000000004        8.3937733038489844E-003   8.9193298804891701E-007
   1.6500000000000001       0.55000000000000004        8.3939632548950191E-003   6.3540249778180648E-007
   1.7500000000000000       0.55000000000000004        8.3941165139618593E-003   4.5056994373846460E-007
   1.8500000000000001       0.55000000000000004        8.3942409282471969E-003   3.1652247656835933E-007
   1.9500000000000002       0.55000000000000004        8.3943416419916157E-003   2.1819857801532556E-007
   2.0500000000000003       0.55000000000000004        8.3944219926750784E-003   1.4470991010114070E-007
   2.1499999999999999       0.55000000000000004        8.3944841063650459E-003   8.8099342887250796E-008
   2.2500000000000000       0.55000000000000004        8.3945292926569555E-003   4.2416309785163136E-008
   2.3500000000000001       0.55000000000000004        8.3945583010541554E-003   3.0144746771759297E-009
   2.4500000000000002       0.55000000000000004        8.3945714765185867E-003  -3.4003892724057028E-008
   2.5500000000000003       0.55000000000000004        8.3945688360417617E-003  -7.2258491703544605E-008
   2.6500000000000004       0.55000000000000004        8.3945500766796112E-003  -1.1552968356737203E-007
   2.7500000000000000       0.55000000000000004        8.3945145161235853E-003  -1.6821518050952573E-007
   2.8500000000000001       0.55000000000000004        8.3944609576834181E-003  -2.3585635847992259E-007
   2.9500000000000002       0.55000000000000004        8.3943874607165393E-003  -3.2579264396559232E-007
   3.0500000000000003       0.55000000000000004        8.3942909827543384E-003  -4.4801445534211800E-007
   3.1500000000000004       0.55000000000000004        8.3941668373741576E-003  -6.1630235223956547E-007
   3.2500000000000000       0.55000000000000004        8.3940078765294673E-003  -8.4976134259359821E-007
   3.3500000000000001       0.55000000000000004        8.3938032478578766E-003  -1.1748810913990792E-006
   3.4500000000000002       0.55000000000000004        8.3935364799292613E-003  -1.6282652708988330E-006
   3.5500000000000003       0.55000000000000004        8.3931824842173146E-003  -2.2601529856584771E-006
   3.6500000000000004       0.55000000000000004        8.3927027896679718E-003  -3.1387492336709199E-006
   3.7500000000000000       0.55000000000000004        8.3920378880722526E-003  -4.3550757580348177E-006
   3.8500000000000001       0.55000000000000004        8.3910949196044898E-003  -6.0273114841399201E-006
   3.9500000000000002       0.55000000000000004        8.3897281269071783E-003  -8.3019414590246315E-006
   4.0499999999999998       0.55000000000000004        8.3877090094699007E-003  -1.1345597704728216E-005
   4.1500000000000004       0.55000000000000004        8.3846845213059479E-003  -1.5314821283421956E-005
   4.2500000000000000       0.55000000000000004        8.3801293386491921E-003  -2.0279423639302058E-005
   4.3500000000000005       0.55000000000000004        8.3733218786865675E-003  -2.6059091955751142E-005
   4.4500000000000002       0.55000000000000004        8.3634294913050248E-003  -3.1923232055972168E-005
   4.5499999999999998       0.55000000000000004        8.3498872291691700E-003  -3.6139837365487158E-005
   4.6500000000000004       0.55000000000000004        8.3333533770883744E-003  -3.5509266250130357E-005
   4.7500000000000000       0.55000000000000004        8.3174098821844206E-003  -2.5283980248013899E-005
   4.8500000000000005       0.55000000000000004        4.1551405456153739E-003   0.0000000000000000     
  -5.0000000000000003E-002  0.65000000000000002        4.1584811744898613E-003   0.0000000000000000     
   5.0000000000000003E-002  0.65000000000000002        8.3214859591194887E-003   1.5424856616414453E-005
  0.15000000000000002       0.65000000000000002        8.3323229428167826E-003   2.3028275007071918E-005
  0.25000000000000000       0.65000000000000002        8.3449384752413078E-003   2.4929834098971534E-005
  0.35000000000000003       0.65000000000000002        8.3566541249712831E-003   2.3265623955906912E-005
  0.45000000000000001       0.65000000000000002        8.3663482004329905E-003   1.9885208713608520E-005
  0.55000000000000004       0.65000000000000002        8.3738561909615667E-003   1.6056952997915784E-005
  0.65000000000000002       0.65000000000000002        8.3794531732022878E-003   1.2479861418652311E-005
  0.75000000000000000       0.65000000000000002        8.3835394885348868E-003   9.4488560285821035E-006
  0.85000000000000009       0.65000000000000002        8.3864940599134279E-003   7.0251575035318213E-006
  0.95000000000000007       0.65000000000000002        8.3886252136083275E-003   5.1573968504821229E-006
   1.0500000000000000       0.65000000000000002        8.3901663769805415E-003   3.7529328371728554E-006
   1.1500000000000001       0.65000000000000002        8.3912877451145455E-003   2.7142638502791282E-006
   1.2500000000000000       0.65000000000000002        8.3921109379052252E-003   1.9547824402020349E-006
   1.3500000000000001       0.65000000000000002        8.3927219260184587E-003   1.4036645098124216E-006
   1.4500000000000002       0.65000000000000002        8.3931811103010821E-003   1.0056789290532026E-006
   1.5500000000000000       0.65000000000000002        8.3935307579912286E-003   7.1900966735154614E-007
   1.6500000000000001       0.65000000000000002        8.3938003456684104E-003   5.1259885513675945E-007
   1.7500000000000000       0.65000000000000002        8.3940103510174498E-003   3.6366536418354075E-007
   1.8500000000000001       0.65000000000000002        8.3941749289939225E-003   2.5562573236724421E-007
   1.9500000000000002       0.65000000000000002        8.3943037953920149E-003   1.7644706039203993E-007
   2.0500000000000003       0.65000000000000002        8.3944035486118677E-003   1.1738161494704828E-007
   2.1499999999999999       0.65000000000000002        8.3944785914346082E-003   7.2008846903949965E-008
   2.2500000000000000       0.65000000000000002        8.3945317647735676E-003   3.5510697491198872E-008
   2.3500000000000001       0.65000000000000002        8.3945647696343235E-003   4.1148566142485340E-009
   2.4500000000000002       0.65000000000000002        8.3945784275770655E-003  -2.5349176309334259E-008
   2.5500000000000003       0.65000000000000002        8.3945728105109495E-003  -5.5827913462314974E-008
   2.6500000000000004       0.65000000000000002        8.3945472551372434E-003  -9.0396720326075394E-008
   2.7500000000000000       0.65000000000000002        8.3945002637960779E-003  -1.3262656666855998E-007
   2.8500000000000001       0.65000000000000002        8.3944292801275393E-003  -1.8700467810650115E-007
   2.9500000000000002       0.65000000000000002        8.3943303131271581E-003  -2.5945342100533676E-007
   3.0500000000000003       0.65000000000000002        8.3941973649516409E-003  -3.5799892964507640E-007
   3.1500000000000004       0.65000000000000002        8.3940215938555964E-003  -4.9364984866853251E-007
   3.2500000000000000       0.65000000000000002        8.3937901108529014E-003  -6.8155422707844133E-007
   3.3500000000000001       0.65000000000000002        8.3934842631582084E-003  -9.4250242641246438E-007
   3.4500000000000002       0.65000000000000002        8.3930771945843734E-003  -1.3048216704958099E-006
   3.5500000000000003       0.65000000000000002        8.3925303891812675E-003  -1.8066346652444978E-006
   3.6500000000000004       0.65000000000000002        8.3917888021528934E-003  -2.4982745570142515E-006
   3.7500000000000000       0.65000000000000002        8.3907740857282736E-003  -3.4442582199403607E-006
   3.8500000000000001       0.65000000000000002        8.3893754116243207E-003  -4.7234415283044129E-006
   3.9500000000000002       0.65000000000000002        8.3874377091888736E-003  -6.4245375312374207E-006
   4.0499999999999998       0.65000000000000002        8.3847483418206543E-003  -8.6317258178223307E-006
   4.1500000000000004       0.65000000000000002        8.3810265310875244E-003  -1.1391435588116832E-005
   4.2500000000000000       0.65000000000000002        8.3759273592444675E-003  -1.4647332300027327E-005
   4.3500000000000005       0.65000000000000002        8.3690866874455046E-003  -1.8129961745348638E-005
   4.4500000000000002       0.65000000000000002        8.3602549235963358E-003  -2.1201573628478887E-005
   4.5499999999999998       0.65000000000000002        8.3495833767660843E-003  -2.2706170983030617E-005
   4.6500000000000004       0.65000000000000002        8.3380946082693523E-003  -2.0962858820226330E-005
   4.7500000000000000       0.65000000000000002        8.3282245197403276E-003  -1.4042644097659271E-005
   4.8500000000000005       0.65000000000000002        4.1620516544882743E-003   0.0000000000000000     
  -5.0000000000000003E-002  0.75000000000000000        4.1625638374959053E-003   0.0000000000000000     
   5.0000000000000003E-002  0.75000000000000000        8.3281612298623225E-003   7.8787740244417781E-006
  0.15000000000000002       0.75000000000000000        8.3357623827559051E-003   1.2169299631123954E-005
  0.25000000000000000       0.75000000000000000        8.3453141253726267E-003   1.3676106802338953E-005
  0.35000000000000003       0.75000000000000000        8.3549774076670316E-003   1.3215657919863698E-005
  0.45000000000000001       0.75000000000000000        8.3636731185135239E-003   1.1640154283846019E-005
  0.55000000000000004       0.75000000000000000        8.3709447165288223E-003   9.6352792231142516E-006
  0.65000000000000002       0.75000000000000000        8.3767395607107428E-003   7.6389607174585817E-006
  0.75000000000000000       0.75000000000000000        8.3812124884067810E-003   5.8742117295864324E-006
  0.85000000000000009       0.75000000000000000        8.3845938698141557E-003   4.4198364555793166E-006
  0.95000000000000007       0.75000000000000000        8.3871172578880975E-003   3.2741200147622760E-006
   1.0500000000000000       0.75000000000000000        8.3889871874168395E-003   2.3985454785049502E-006
   1.1500000000000001       0.75000000000000000        8.3903695495117642E-003   1.7432640080786345E-006
   1.2500000000000000       0.75000000000000000        8.3913928481522890E-003   1.2599201031904242E-006
   1.3500000000000001       0.75000000000000000        8.3921537112477095E-003   9.0694750559051432E-007
   1.4500000000000002       0.75000000000000000        8.3927233346276740E-003   6.5088583676211986E-007
   1.5500000000000000       0.75000000000000000        8.3931534097677566E-003   4.6585459537349732E-007
   1.6500000000000001       0.75000000000000000        8.3934810436913990E-003   3.3234418176419016E-007
   1.7500000000000000       0.75000000000000000        8.3937326216530148E-003   2.3589300854876724E-007
   1.8500000000000001       0.75000000000000000        8.3939267387649358E-003   1.6589401663127679E-007
   1.9500000000000002       0.75000000000000000        8.3940763748343115E-003   1.1460825810300327E-007
   2.0500000000000003       0.75000000000000000        8.3941904796406702E-003   7.6386539057747454E-008
   2.1499999999999999       0.75000000000000000        8.3942751089570548E-003   4.7069550614704376E-008
   2.2500000000000000       0.75000000000000000        8.3943342207088486E-003   2.3528458220371577E-008
   2.3500000000000001       0.75000000000000000        8.3943702120930948E-003   3.3088978573372535E-009
   2.4500000000000002       0.75000000000000000        8.3943842540396690E-003  -1.5654595423845318E-008
   2.5500000000000003       0.75000000000000000        8.3943764588739356E-003  -3.5282518325992823E-008
   2.6500000000000004       0.75000000000000000        8.3943458994197723E-003  -5.7578502765477984E-008
   2.7500000000000000       0.75000000000000000        8.3942904817625539E-003  -8.4866139585298418E-008
   2.8500000000000001       0.75000000000000000        8.3942066581036978E-003  -1.2005963811056863E-007
   2.9500000000000002       0.75000000000000000        8.3940889492247032E-003  -1.6699570274214454E-007
   3.0500000000000003       0.75000000000000000        8.3939292267715699E-003  -2.3085747586653050E-007
   3.1500000000000004       0.75000000000000000        8.3937156828825226E-003  -3.1872484102659246E-007
   3.2500000000000000       0.75000000000000000        8.3934313883833878E-003  -4.4028604575082724E-007
   3.3500000000000001       0.75000000000000000        8.3930523124809003E-003  -6.0873768729177353E-007
   3.4500000000000002       0.75000000000000000        8.3925446523514941E-003  -8.4187203922170139E-007
   3.5500000000000003       0.75000000000000000        8.3918613147673845E-003  -1.1632806025296833E-006
   3.6500000000000004       0.75000000000000000        8.3909374360671262E-003  -1.6034515722636772E-006
   3.7500000000000000       0.75000000000000000        8.3896849872788018E-003  -2.2002418976802250E-006
   3.8500000000000001       0.75000000000000000        8.3879869148042567E-003  -2.9976664483264011E-006
   3.9500000000000002       0.75000000000000000        8.3856921403658545E-003  -4.0410570814498844E-006
   4.0499999999999998       0.75000000000000000        8.3826144502867073E-003  -5.3653579008697500E-006
   4.1500000000000004       0.75000000000000000        8.3785413155182658E-003  -6.9718994015583641E-006
   4.2500000000000000       0.75000000000000000        8.3732632964725225E-003  -8.7885551381719728E-006
   4.3500000000000005       0.75000000000000000        8.3666400388693312E-003  -1.0611719782821171E-005
   4.4500000000000002       0.75000000000000000        8.3587205603725939E-003  -1.2041935893376569E-005
   4.5499999999999998       0.75000000000000000        8.3499221460337971E-003  -1.2454331749373376E-005
   4.6500000000000004       0.75000000000000000        8.3412285522967925E-003  -1.1074882617376498E-005
   4.7500000000000000       0.75000000000000000        8.3343115641938432E-003  -7.1693835407109735E-006
   4.8500000000000005       0.75000000000000000        4.1657754244135278E-003   0.0000000000000000     
  -5.0000000000000003E-002  0.85000000000000009        4.1643005370493869E-003   0.0000000000000000     
   5.0000000000000003E-002  0.85000000000000009        8.3310319954964639E-003   2.4253801825928324E-006
  0.15000000000000002       0.85000000000000009        8.3372802648655625E-003   3.8063498572749297E-006
  0.25000000000000000       0.85000000000000009        8.3454680260848721E-003   4.3541251484334442E-006
  0.35000000000000003       0.85000000000000009        8.3541386963649784E-003   4.2789257455135717E-006
  0.45000000000000001       0.85000000000000009        8.3622898214850347E-003   3.8248164026527441E-006
  0.55000000000000004       0.85000000000000009        8.3693763845562475E-003   3.2053164386524303E-006
  0.65000000000000002       0.85000000000000009        8.3752130214765595E-003   2.5666944394974995E-006
  0.75000000000000000       0.85000000000000009        8.3798409174631935E-003   1.9893524566030157E-006
  0.85000000000000009       0.85000000000000009        8.3834142415284505E-003   1.5059778066204946E-006
  0.95000000000000007       0.85000000000000009        8.3861239837434327E-003   1.1207923783251698E-006
   1.0500000000000000       0.85000000000000009        8.3881554233626414E-003   8.2393279665099884E-007
   1.1500000000000001       0.85000000000000009        8.3896689044389381E-003   6.0037667262482855E-007
   1.2500000000000000       0.85000000000000009        8.3907943192233717E-003   4.3472339227527807E-007
   1.3500000000000001       0.85000000000000009        8.3916325254895733E-003   3.1334684762065337E-007
   1.4500000000000002       0.85000000000000009        8.3922596037514369E-003   2.2508254102762400E-007
   1.5500000000000000       0.85000000000000009        8.3927317674985288E-003   1.6119378674476198E-007
   1.6500000000000001       0.85000000000000009        8.3930899089123528E-003   1.1504161820781095E-007
   1.7500000000000000       0.85000000000000009        8.3933634058257871E-003   8.1677079745364528E-008
   1.8500000000000001       0.85000000000000009        8.3935731341240466E-003   5.7455642981125602E-008
   1.9500000000000002       0.85000000000000009        8.3937337662574694E-003   3.9710457370637742E-008
   2.0500000000000003       0.85000000000000009        8.3938554794213104E-003   2.6490583660904642E-008
   2.1499999999999999       0.85000000000000009        8.3939451961784709E-003   1.6357251522769071E-008
   2.2500000000000000       0.85000000000000009        8.3940074620059372E-003   8.2267706836977867E-009
   2.3500000000000001       0.85000000000000009        8.3940450410464260E-003   1.2482298812240493E-009
   2.4500000000000002       0.85000000000000009        8.3940592886138435E-003  -5.2949232048688107E-009
   2.5500000000000003       0.85000000000000009        8.3940503384404199E-003  -1.2069115892379327E-008
   2.6500000000000004       0.85000000000000009        8.3940171242247921E-003  -1.9769474486049001E-008
   2.7500000000000000       0.85000000000000009        8.3939572379333246E-003  -2.9201611560328392E-008
   2.8500000000000001       0.85000000000000009        8.3938666104328881E-003  -4.1374919812453134E-008
   2.9500000000000002       0.85000000000000009        8.3937389823039877E-003  -5.7616599975227837E-008
   3.0500000000000003       0.85000000000000009        8.3935651132813240E-003  -7.9716637045782996E-008
   3.1500000000000004       0.85000000000000009        8.3933316575980146E-003  -1.1011471930296422E-007
   3.2500000000000000       0.85000000000000009        8.3930196110850817E-003  -1.5213956541710154E-007
   3.3500000000000001       0.85000000000000009        8.3926022190714093E-003  -2.1030703268499757E-007
   3.4500000000000002       0.85000000000000009        8.3920422334275453E-003  -2.9067136344745348E-007
   3.5500000000000003       0.85000000000000009        8.3912884463299246E-003  -4.0119600352862964E-007
   3.6500000000000004       0.85000000000000009        8.3902715529813789E-003  -5.5205291910778745E-007
   3.7500000000000000       0.85000000000000009        8.3888996861108903E-003  -7.5565091323624971E-007
   3.8500000000000001       0.85000000000000009        8.3870545516946046E-003  -1.0260058313297337E-006
   3.9500000000000002       0.85000000000000009        8.3845901610460141E-003  -1.3767740646189105E-006
   4.0499999999999998       0.85000000000000009        8.3813378916942401E-003  -1.8168906705966921E-006
   4.1500000000000004       0.85000000000000009        8.3771240492956124E-003  -2.3424309583895001E-006
   4.2500000000000000       0.85000000000000009        8.3718086733182637E-003  -2.9235061849719911E-006
   4.3500000000000005       0.85000000000000009        8.3653549818852504E-003  -3.4867300532508773E-006
   4.4500000000000002       0.85000000000000009        8.3579328712539164E-003  -3.8986992068665049E-006
   4.5499999999999998       0.85000000000000009        8.3500400814076441E-003  -3.9648485018012595E-006
   4.6500000000000004       0.85000000000000009        8.3425903609628260E-003  -3.4635985171876163E-006
   4.7500000000000000       0.85000000000000009        8.3369073420116943E-003  -2.2065004813441003E-006
   4.8500000000000005       0.85000000000000009        4.1673482543690020E-003   0.0000000000000000     
