  -5.0000000000000003E-002  -5.0000000000000003E-002   1.0323275958697938E-003   0.0000000000000000     
   5.0000000000000003E-002  -5.0000000000000003E-002   1.8985774740921319E-003   1.6608377696890043E-004
  0.15000000000000002       -5.0000000000000003E-002   1.6482964288654050E-003   8.4215363159462862E-005
  0.25000000000000000       -5.0000000000000003E-002   1.5313461470282598E-003   3.2764801660061488E-005
  0.35000000000000003       -5.0000000000000003E-002   1.4859878476134252E-003   1.2634761160545855E-005
  0.45000000000000001       -5.0000000000000003E-002   1.4678089295851249E-003   5.5962391736094474E-006
  0.55000000000000004       -5.0000000000000003E-002   1.4593020469376872E-003   2.9728379964371773E-006
  0.65000000000000002       -5.0000000000000003E-002   1.4546041501207877E-003   1.7965248172229355E-006
  0.75000000000000000       -5.0000000000000003E-002   1.4517246851350344E-003   1.1627160212507117E-006
  0.85000000000000009       -5.0000000000000003E-002   1.4498670431988092E-003   7.8194417694895307E-007
  0.95000000000000007       -5.0000000000000003E-002   1.4486378627672825E-003   5.4034031123697160E-007
   1.0500000000000000       -5.0000000000000003E-002   1.4478133095272227E-003   3.8217499604728610E-007
   1.1500000000000001       -5.0000000000000003E-002   1.4472563206699540E-003   2.7635402431753920E-007
   1.2500000000000000       -5.0000000000000003E-002   1.4468794745062779E-003   2.0429811970687949E-007
   1.3500000000000001       -5.0000000000000003E-002   1.4466254894836602E-003   1.5443422856674371E-007
   1.4500000000000002       -5.0000000000000003E-002   1.4464560903268376E-003   1.1933717978916553E-007
   1.5500000000000000       -5.0000000000000003E-002   1.4463453254671438E-003   9.4136483062752603E-008
   1.6500000000000001       -5.0000000000000003E-002   1.4462754081673095E-003   7.5585259394593539E-008
   1.7500000000000000       -5.0000000000000003E-002   1.4462340531230819E-003   6.1494946625792069E-008
   1.8500000000000001       -5.0000000000000003E-002   1.4462127320039402E-003   5.0380472386786177E-008
   1.9500000000000002       -5.0000000000000003E-002   1.4462055117137429E-003   4.1230904380254262E-008
   2.0500000000000003       -5.0000000000000003E-002   1.4462082724864800E-003   3.3357258926438423E-008
   2.1499999999999999       -5.0000000000000003E-002   1.4462181798123536E-003   2.6288935774410877E-008
   2.2500000000000000       -5.0000000000000003E-002   1.4462333302736313E-003   1.9701259356962658E-008
   2.3500000000000001       -5.0000000000000003E-002   1.4462525201472008E-003   1.3362903955731720E-008
   2.4500000000000002       -5.0000000000000003E-002   1.4462751044516248E-003   7.0956417855243214E-009
   2.5500000000000003       -5.0000000000000003E-002   1.4463009271702149E-003   7.4096027244046007E-010
   2.6500000000000004       -5.0000000000000003E-002   1.4463303132145882E-003  -5.8707907408894513E-009
   2.7500000000000000       -5.0000000000000003E-002   1.4463641210175420E-003  -1.2952666614939328E-008
   2.8500000000000001       -5.0000000000000003E-002   1.4464038628091952E-003  -2.0798990623869144E-008
   2.9500000000000002       -5.0000000000000003E-002   1.4464519089555949E-003  -2.9833917487700850E-008
   3.0500000000000003       -5.0000000000000003E-002   1.4465118048374353E-003  -4.0677652619206387E-008
   3.1500000000000004       -5.0000000000000003E-002   1.4465887459645915E-003  -5.4240554512425419E-008
   3.2500000000000000       -5.0000000000000003E-002   1.4466902831793650E-003  -7.1861016741231732E-008
   3.3500000000000001       -5.0000000000000003E-002   1.4468273715670349E-003  -9.5512968675256710E-008
   3.4500000000000002       -5.0000000000000003E-002   1.4470159462791879E-003  -1.2812671601912693E-007
   3.5500000000000003       -5.0000000000000003E-002   1.4472793290749653E-003  -1.7409997703228498E-007
   3.6500000000000004       -5.0000000000000003E-002   1.4476519865689291E-003  -2.4013942373609043E-007
   3.7500000000000000       -5.0000000000000003E-002   1.4481855687096979E-003  -3.3669994044605166E-007
   3.8500000000000001       -5.0000000000000003E-002   1.4489589647938240E-003  -4.8056315864254721E-007
   3.9500000000000002       -5.0000000000000003E-002   1.4500958916523160E-003  -6.9979103814847360E-007
   4.0499999999999998       -5.0000000000000003E-002   1.4517982718000866E-003  -1.0445618786285136E-006
   4.1500000000000004       -5.0000000000000003E-002   1.4544202244268583E-003  -1.6169464718811184E-006
   4.2500000000000000       -5.0000000000000003E-002   1.4586764329881973E-003  -2.6755075758230853E-006
   4.3500000000000005       -5.0000000000000003E-002   1.4663517751585886E-003  -5.0319615486190813E-006
   4.4500000000000002       -5.0000000000000003E-002   1.4827402717095966E-003  -1.1383834126378258E-005
   4.5499999999999998       -5.0000000000000003E-002   1.5238521914588935E-003  -2.9749958968763474E-005
   4.6500000000000004       -5.0000000000000003E-002   1.6309751970149842E-003  -7.7389017956178035E-005
   4.7500000000000000       -5.0000000000000003E-002   1.8631033620413241E-003  -1.5474887021774779E-004
   4.8500000000000005       -5.0000000000000003E-002   1.0089244838395609E-003   0.0000000000000000     
  -5.0000000000000003E-002   5.0000000000000003E-002   3.1893059247368343E-003   0.0000000000000000     
   5.0000000000000003E-002   5.0000000000000003E-002   6.3468359252761494E-003   3.6394953745298080E-004
  0.15000000000000002        5.0000000000000003E-002   6.2568044677915992E-003   2.2669829517863200E-004
  0.25000000000000000        5.0000000000000003E-002   6.1549607205843727E-003   1.0913566463137990E-004
  0.35000000000000003        5.0000000000000003E-002   6.0855965755831944E-003   5.1068869391106381E-005
  0.45000000000000001        5.0000000000000003E-002   6.0452329082495513E-003   2.5808880884378465E-005
  0.55000000000000004        5.0000000000000003E-002   6.0221260238157905E-003   1.4498352373627485E-005
  0.65000000000000002        5.0000000000000003E-002   6.0083915752203220E-003   8.8462878019404095E-006
  0.75000000000000000        5.0000000000000003E-002   5.9998527448913049E-003   5.6908000079122142E-006
  0.85000000000000009        5.0000000000000003E-002   5.9943500350717431E-003   3.7882484171202801E-006
  0.95000000000000007        5.0000000000000003E-002   5.9907158381474392E-003   2.5836214840583120E-006
   1.0500000000000000        5.0000000000000003E-002   5.9882794209097038E-003   1.7957883769218846E-006
   1.1500000000000001        5.0000000000000003E-002   5.9866335722631534E-003   1.2686584134345703E-006
   1.2500000000000000        5.0000000000000003E-002   5.9855201380205059E-003   9.0988603702431728E-007
   1.3500000000000001        5.0000000000000003E-002   5.9847701705911891E-003   6.6229335427466475E-007
   1.4500000000000002        5.0000000000000003E-002   5.9842705269336884E-003   4.8926531253940146E-007
   1.5500000000000000        5.0000000000000003E-002   5.9839441585205332E-003   3.6675917271151964E-007
   1.6500000000000001        5.0000000000000003E-002   5.9837379547194166E-003   2.7869250219709614E-007
   1.7500000000000000        5.0000000000000003E-002   5.9836149860132892E-003   2.1416172783050543E-007
   1.8500000000000001        5.0000000000000003E-002   5.9835494274799970E-003   1.6570189795841898E-007
   1.9500000000000002        5.0000000000000003E-002   5.9835231758272852E-003   1.2816355465190716E-007
   2.0500000000000003        5.0000000000000003E-002   5.9835235694114131E-003   9.7968089417342609E-008
   2.1499999999999999        5.0000000000000003E-002   5.9835418457986657E-003   7.2601405055243690E-008
   2.2500000000000000        5.0000000000000003E-002   5.9835721054122800E-003   5.0260006324830276E-008
   2.3500000000000001        5.0000000000000003E-002   5.9836106332056740E-003   2.9594548935053189E-008
   2.4500000000000002        5.0000000000000003E-002   5.9836554847879728E-003   9.5138025200941857E-009
   2.5500000000000003        5.0000000000000003E-002   5.9837062812244613E-003  -1.0977715150637358E-008
   2.6500000000000004        5.0000000000000003E-002   5.9837641852328958E-003  -3.2929734321424161E-008
   2.7500000000000000        5.0000000000000003E-002   5.9838320556509575E-003  -5.7603240162961073E-008
   2.8500000000000001        5.0000000000000003E-002   5.9839148007592713E-003  -8.6655029141136008E-008
   2.9500000000000002        5.0000000000000003E-002   5.9840199781214512E-003  -1.2237488591798335E-007
   3.0500000000000003        5.0000000000000003E-002   5.9841587237163332E-003  -1.6800950692213776E-007
   3.1500000000000004        5.0000000000000003E-002   5.9843471430988029E-003  -2.2822333438970635E-007
   3.2500000000000000        5.0000000000000003E-002   5.9846083732750131E-003  -3.0977430120556038E-007
   3.3500000000000001        5.0000000000000003E-002   5.9849756455617421E-003  -4.2253151103170078E-007
   3.4500000000000002        5.0000000000000003E-002   5.9854968835840686E-003  -5.8105080747205294E-007
   3.5500000000000003        5.0000000000000003E-002   5.9862417287905242E-003  -8.0709163475895296E-007
   3.6500000000000004        5.0000000000000003E-002   5.9873125476922941E-003  -1.1337879267538806E-006
   3.7500000000000000        5.0000000000000003E-002   5.9888622680852677E-003  -1.6128683692673708E-006
   3.8500000000000001        5.0000000000000003E-002   5.9911245789811621E-003  -2.3278356917703290E-006
   3.9500000000000002        5.0000000000000003E-002   5.9944679788789968E-003  -3.4196998915329991E-006
   4.0499999999999998        5.0000000000000003E-002   5.9994990006790915E-003  -5.1420004671044978E-006
   4.1500000000000004        5.0000000000000003E-002   6.0072723470768908E-003  -7.9939183146032467E-006
   4.2500000000000000        5.0000000000000003E-002   6.0197357872915601E-003  -1.3090675444872715E-005
   4.3500000000000005        5.0000000000000003E-002   6.0406497039980703E-003  -2.3270306432134454E-005
   4.4500000000000002        5.0000000000000003E-002   6.0771121994206779E-003  -4.6051079437110525E-005
   4.5499999999999998        5.0000000000000003E-002   6.1397589005368781E-003  -9.8885081193439273E-005
   4.6500000000000004        5.0000000000000003E-002   6.2318017503305741E-003  -2.0745169380315977E-004
   4.7500000000000000        5.0000000000000003E-002   6.3124294473145878E-003  -3.3746150266668107E-004
   4.8500000000000005        5.0000000000000003E-002   3.1701949724845229E-003   0.0000000000000000     
  -5.0000000000000003E-002  0.15000000000000002        4.0630331865872862E-003   0.0000000000000000     
   5.0000000000000003E-002  0.15000000000000002        8.1797331351025643E-003   3.4207081835368607E-004
  0.15000000000000002       0.15000000000000002        8.2482370896850496E-003   2.7014070694831427E-004
  0.25000000000000000       0.15000000000000002        8.2569247658563511E-003   1.5890908980472945E-004
  0.35000000000000003       0.15000000000000002        8.2401449071129954E-003   8.7521974694408210E-005
  0.45000000000000001       0.15000000000000002        8.2203905428336211E-003   4.9577971705838246E-005
  0.55000000000000004       0.15000000000000002        8.2046604986800668E-003   2.9690579065763417E-005
  0.65000000000000002       0.15000000000000002        8.1935130281429978E-003   1.8678912099830400E-005
  0.75000000000000000       0.15000000000000002        8.1858836299278700E-003   1.2185955808598033E-005
  0.85000000000000009       0.15000000000000002        8.1806936572278426E-003   8.1598114963552452E-006
  0.95000000000000007       0.15000000000000002        8.1771569327314508E-003   5.5691877651524739E-006
   1.0500000000000000       0.15000000000000002        8.1747424952177770E-003   3.8570008006255643E-006
   1.1500000000000001       0.15000000000000002        8.1730957754654939E-003   2.7030945291241390E-006
   1.2500000000000000       0.15000000000000002        8.1719782219780573E-003   1.9140494247456121E-006
   1.3500000000000001       0.15000000000000002        8.1712274699716602E-003   1.3683438673454225E-006
   1.4500000000000002       0.15000000000000002        8.1707317832059052E-003   9.8728954352933517E-007
   1.5500000000000000       0.15000000000000002        8.1704135504443373E-003   7.1875354721114917E-007
   1.6500000000000001       0.15000000000000002        8.1702184630640454E-003   5.2759802813765924E-007
   1.7500000000000000       0.15000000000000002        8.1701083049198365E-003   3.8983322138564089E-007
   1.8500000000000001       0.15000000000000002        8.1700560849955230E-003   2.8891732136051495E-007
   1.9500000000000002       0.15000000000000002        8.1700427202523809E-003   2.1334657589854150E-007
   2.0500000000000003       0.15000000000000002        8.1700547634232790E-003   1.5504607866860396E-007
   2.1499999999999999       0.15000000000000002        8.1700828477693464E-003   1.0826963627431929E-007
   2.2500000000000000       0.15000000000000002        8.1701206333857374E-003   6.8827790885853690E-008
   2.3500000000000001       0.15000000000000002        8.1701641134807983E-003   3.3526903756885638E-008
   2.4500000000000002       0.15000000000000002        8.1702111893857364E-003  -2.6036360444969716E-010
   2.5500000000000003       0.15000000000000002        8.1702614591705122E-003  -3.4951131776694489E-008
   2.6500000000000004       0.15000000000000002        8.1703161926646364E-003  -7.3081373892292996E-008
   2.7500000000000000       0.15000000000000002        8.1703784896841082E-003  -1.1765030766550869E-007
   2.8500000000000001       0.15000000000000002        8.1704536418367186E-003  -1.7252489471917976E-007
   2.9500000000000002       0.15000000000000002        8.1705497448339819E-003  -2.4295882570326226E-007
   3.0500000000000003       0.15000000000000002        8.1706786418159691E-003  -3.3629942612706881E-007
   3.1500000000000004       0.15000000000000002        8.1708573243472332E-003  -4.6298937937643983E-007
   3.2500000000000000       0.15000000000000002        8.1711099849286640E-003  -6.3802760432319680E-007
   3.3500000000000001       0.15000000000000002        8.1714710168661973E-003  -8.8315349444361057E-007
   3.4500000000000002       0.15000000000000002        8.1719894175511284E-003  -1.2301973348859431E-006
   3.5500000000000003       0.15000000000000002        8.1727353104553164E-003  -1.7263708652991828E-006
   3.6500000000000004       0.15000000000000002        8.1738097308401807E-003  -2.4429116461393488E-006
   3.7500000000000000       0.15000000000000002        8.1753595398639904E-003  -3.4897883627697225E-006
   3.8500000000000001       0.15000000000000002        8.1776005062003717E-003  -5.0419268120177803E-006
   3.9500000000000002       0.15000000000000002        8.1808532596666494E-003  -7.3886166684393015E-006
   4.0499999999999998       0.15000000000000002        8.1855978055189078E-003  -1.1032596744418129E-005
   4.1500000000000004       0.15000000000000002        8.1925449619864813E-003  -1.6902936223792548E-005
   4.2500000000000000       0.15000000000000002        8.2026716550667889E-003  -2.6844281689054538E-005
   4.3500000000000005       0.15000000000000002        8.2169475633465730E-003  -4.4770778982017475E-005
   4.4500000000000002       0.15000000000000002        8.2348651619305151E-003  -7.8985299057174197E-005
   4.5499999999999998       0.15000000000000002        8.2499657817237566E-003  -1.4374192910714706E-004
   4.6500000000000004       0.15000000000000002        8.2413751035945015E-003  -2.4607896024262608E-004
   4.7500000000000000       0.15000000000000002        8.1769775403080086E-003  -3.1508381619018279E-004
   4.8500000000000005       0.15000000000000002        4.0633164135135593E-003   0.0000000000000000     
  -5.0000000000000003E-002  0.25000000000000000        4.4098547673509323E-003   0.0000000000000000     
   5.0000000000000003E-002  0.25000000000000000        8.8790217541388234E-003   2.2910395561301648E-004
  0.15000000000000002       0.25000000000000000        8.9776251038943562E-003   2.1603645509870508E-004
  0.25000000000000000       0.25000000000000000        9.0323189130444171E-003   1.4969162220614010E-004
  0.35000000000000003       0.25000000000000000        9.0506269566153937E-003   9.5293784150720984E-005
  0.45000000000000001       0.25000000000000000        9.0519876052441491E-003   6.0304042353025178E-005
  0.55000000000000004       0.25000000000000000        9.0479493228039151E-003   3.8857223868620064E-005
  0.65000000000000002       0.25000000000000000        9.0431731579667784E-003   2.5578834448567212E-005
  0.75000000000000000       0.25000000000000000        9.0390889422445157E-003   1.7159198862774043E-005
  0.85000000000000009       0.25000000000000000        9.0359506724034949E-003   1.1688847247219836E-005
  0.95000000000000007       0.25000000000000000        9.0336543620478139E-003   8.0593947037259007E-006
   1.0500000000000000       0.25000000000000000        9.0320209473977592E-003   5.6105698725633194E-006
   1.1500000000000001       0.25000000000000000        9.0308836029482972E-003   3.9366696901865250E-006
   1.2500000000000000       0.25000000000000000        9.0301083489844614E-003   2.7808933779716581E-006
   1.3500000000000001       0.25000000000000000        9.0295936404749394E-003   1.9764547854733638E-006
   1.4500000000000002       0.25000000000000000        9.0292645198480816E-003   1.4127302315088922E-006
   1.5500000000000000       0.25000000000000000        9.0290663588365773E-003   1.0151239597156886E-006
   1.6500000000000001       0.25000000000000000        9.0289595925966727E-003   7.3268985700540792E-007
   1.7500000000000000       0.25000000000000000        9.0289156523587592E-003   5.3028985288115648E-007
   1.8500000000000001       0.25000000000000000        9.0289139465498762E-003   3.8349479976415569E-007
   1.9500000000000002       0.25000000000000000        9.0289396690312086E-003   2.7519333490022454E-007
   2.0500000000000003       0.25000000000000000        9.0289822317097396E-003   1.9329117302525587E-007
   2.1499999999999999       0.25000000000000000        9.0290341595622506E-003   1.2911924571128826E-007
   2.2500000000000000       0.25000000000000000        9.0290903267316765E-003   7.6306601965409340E-008
   2.3500000000000001       0.25000000000000000        9.0291474467065428E-003   2.9956023562922292E-008
   2.4500000000000002       0.25000000000000000        9.0292037571868163E-003  -1.3990207029301137E-008
   2.5500000000000003       0.25000000000000000        9.0292588623772044E-003  -5.9277626621696140E-008
   2.6500000000000004       0.25000000000000000        9.0293137138697816E-003  -1.0982740844128858E-007
   2.7500000000000000       0.25000000000000000        9.0293707277339444E-003  -1.7024640315080321E-007
   2.8500000000000001       0.25000000000000000        9.0294340516119415E-003  -2.4642446722332078E-007
   2.9500000000000002       0.25000000000000000        9.0295100131852993E-003  -3.4629722408352958E-007
   3.0500000000000003       0.25000000000000000        9.0296078020095181E-003  -4.8087806045839047E-007
   3.1500000000000004       0.25000000000000000        9.0297404620388981E-003  -6.6570729165314913E-007
   3.2500000000000000       0.25000000000000000        9.0299263033765190E-003  -9.2294012941346513E-007
   3.3500000000000001       0.25000000000000000        9.0301908784253346E-003  -1.2844189395061089E-006
   3.4500000000000002       0.25000000000000000        9.0305697040906942E-003  -1.7962879603375316E-006
   3.5500000000000003       0.25000000000000000        9.0311119277192049E-003  -2.5260843331404851E-006
   3.6500000000000004       0.25000000000000000        9.0318850687968206E-003  -3.5739232155393104E-006
   3.7500000000000000       0.25000000000000000        9.0329806452645271E-003  -5.0906764922280849E-006
   3.8500000000000001       0.25000000000000000        9.0345194133224505E-003  -7.3085068709142485E-006
   3.9500000000000002       0.25000000000000000        9.0366516918516798E-003  -1.0593923053545481E-005
   4.0499999999999998       0.25000000000000000        9.0395387685187449E-003  -1.5542858200322430E-005
   4.1500000000000004       0.25000000000000000        9.0432744128279841E-003  -2.3154586791426754E-005
   4.2500000000000000       0.25000000000000000        9.0476310850548178E-003  -3.5148487219620805E-005
   4.3500000000000005       0.25000000000000000        9.0513264293713511E-003  -5.4502079796453619E-005
   4.4500000000000002       0.25000000000000000        9.0501665458744274E-003  -8.6066311443342076E-005
   4.5499999999999998       0.25000000000000000        9.0336537291274312E-003  -1.3529246635188467E-004
   4.6500000000000004       0.25000000000000000        8.9837710957670746E-003  -1.9608705416817307E-004
   4.7500000000000000       0.25000000000000000        8.8928887865775044E-003  -2.0981529603651415E-004
   4.8500000000000005       0.25000000000000000        4.4189792252803308E-003   0.0000000000000000     
  -5.0000000000000003E-002  0.35000000000000003        4.5389982090702479E-003   0.0000000000000000     
   5.0000000000000003E-002  0.35000000000000003        9.1169043272295927E-003   1.3089594570710745E-004
  0.15000000000000002       0.35000000000000003        9.1888642301057553E-003   1.4371740210831363E-004
  0.25000000000000000       0.35000000000000003        9.2406388900864653E-003   1.1560197191856396E-004
  0.35000000000000003       0.35000000000000003        9.2679802075193145E-003   8.3816600091766140E-005
  0.45000000000000001       0.35000000000000003        9.2799213841830378E-003   5.8583565537081308E-005
  0.55000000000000004       0.35000000000000003        9.2841650940939258E-003   4.0496662028167834E-005
  0.65000000000000002       0.35000000000000003        9.2850464747665090E-003   2.7977112182930212E-005
  0.75000000000000000       0.35000000000000003        9.2846558560338282E-003   1.9395306995552291E-005
  0.85000000000000009       0.35000000000000003        9.2839120776664619E-003   1.3508823529044583E-005
  0.95000000000000007       0.35000000000000003        9.2831812193571676E-003   9.4527948629102095E-006
   1.0500000000000000       0.35000000000000003        9.2825849438300228E-003   6.6427836734225285E-006
   1.1500000000000001       0.35000000000000003        9.2821438571720934E-003   4.6859669624251046E-006
   1.2500000000000000       0.35000000000000003        9.2818411991465993E-003   3.3171196919212698E-006
   1.3500000000000001       0.35000000000000003        9.2816498710978339E-003   2.3557593194934906E-006
   1.4500000000000002       0.35000000000000003        9.2815431001861525E-003   1.6780613851715158E-006
   1.5500000000000000       0.35000000000000003        9.2814980208895514E-003   1.1984503795865215E-006
   1.6500000000000001       0.35000000000000003        9.2814963379825727E-003   8.5742114650882411E-007
   1.7500000000000000       0.35000000000000003        9.2815239038883373E-003   6.1338291924676124E-007
   1.8500000000000001       0.35000000000000003        9.2815699915395154E-003   4.3712821824185696E-007
   1.9500000000000002       0.35000000000000003        9.2816265745413028E-003   3.0803636500305450E-007
   2.0500000000000003       0.35000000000000003        9.2816877214640155E-003   2.1143620684643748E-007
   2.1499999999999999       0.35000000000000003        9.2817491256786261E-003   1.3674901630623445E-007
   2.2500000000000000       0.35000000000000003        9.2818077602010024E-003   7.6156322252570469E-008
   2.3500000000000001       0.35000000000000003        9.2818616383870886E-003   2.3616126936208677E-008
   2.4500000000000002       0.35000000000000003        9.2819096623956380E-003  -2.5899146227911224E-008
   2.5500000000000003       0.35000000000000003        9.2819515461017993E-003  -7.7038948043187221E-008
   2.6500000000000004       0.35000000000000003        9.2819878051040566E-003  -1.3466411797714332E-007
   2.7500000000000000       0.35000000000000003        9.2820198126841742E-003  -2.0446237040999273E-007
   2.8500000000000001       0.35000000000000003        9.2820499267247062E-003  -2.9366603501243362E-007
   2.9500000000000002       0.35000000000000003        9.2820816983563374E-003  -4.1196223415641866E-007
   3.0500000000000003       0.35000000000000003        9.2821201776595880E-003  -5.7271237099289839E-007
   3.1500000000000004       0.35000000000000003        9.2821723328257617E-003  -7.9464212395093414E-007
   3.2500000000000000       0.35000000000000003        9.2822475913566186E-003  -1.1042336406284517E-006
   3.3500000000000001       0.35000000000000003        9.2823584828190461E-003  -1.5391628762729289E-006
   3.4500000000000002       0.35000000000000003        9.2825212851199365E-003  -2.1533016600518082E-006
   3.5500000000000003       0.35000000000000003        9.2827563905629584E-003  -3.0240872135373353E-006
   3.6500000000000004       0.35000000000000003        9.2830876835244876E-003  -4.2635178959457946E-006
   3.7500000000000000       0.35000000000000003        9.2835392721039960E-003  -6.0347610131342413E-006
   3.8500000000000001       0.35000000000000003        9.2841258147007711E-003  -8.5774667463170308E-006
   3.9500000000000002       0.35000000000000003        9.2848280764682746E-003  -1.2246357872658424E-005
   4.0499999999999998       0.35000000000000003        9.2855354431329220E-003  -1.7568811986517109E-005
   4.1500000000000004       0.35000000000000003        9.2859167129569382E-003  -2.5324658340581943E-005
   4.2500000000000000       0.35000000000000003        9.2851424655087961E-003  -3.6633331199827444E-005
   4.3500000000000005       0.35000000000000003        9.2813281151205192E-003  -5.2962483457748118E-005
   4.4500000000000002       0.35000000000000003        9.2705651099005363E-003  -7.5737617148848339E-005
   4.5499999999999998       0.35000000000000003        9.2458798608238361E-003  -1.0446684138354683E-004
   4.6500000000000004       0.35000000000000003        9.1989453057720934E-003  -1.3012743336701191E-004
   4.7500000000000000       0.35000000000000003        9.1332341019291670E-003  -1.1920085004261858E-004
   4.8500000000000005       0.35000000000000003        4.5487717314057850E-003   0.0000000000000000     
  -5.0000000000000003E-002  0.45000000000000001        4.5864111257599679E-003   0.0000000000000000     
   5.0000000000000003E-002  0.45000000000000001        9.1937235804943201E-003   7.1098826262396355E-005
  0.15000000000000002       0.45000000000000001        9.2361260714132667E-003   8.9188317489201271E-005
  0.25000000000000000       0.45000000000000001        9.2730570977597095E-003   8.1485136056559136E-005
  0.35000000000000003       0.45000000000000001        9.2980064666104041E-003   6.5725276318189682E-005
  0.45000000000000001       0.45000000000000001        9.3129598982771549E-003   4.9884445386022217E-005
  0.55000000000000004       0.45000000000000001        9.3213682551308921E-003   3.6668104214885279E-005
  0.65000000000000002       0.45000000000000001        9.3259399403646300E-003   2.6495535803269408E-005
  0.75000000000000000       0.45000000000000001        9.3283946655901631E-003   1.8972328276822962E-005
  0.85000000000000009       0.45000000000000001        9.3297218866787452E-003   1.3522395713552807E-005
  0.95000000000000007       0.45000000000000001        9.3304612122273780E-003   9.6169631946935689E-006
   1.0500000000000000       0.45000000000000001        9.3308979319054776E-003   6.8340949522610562E-006
   1.1500000000000001       0.45000000000000001        9.3311799956108249E-003   4.8567585800691534E-006
   1.2500000000000000       0.45000000000000001        9.3313830461843571E-003   3.4535471010865885E-006
   1.3500000000000001       0.45000000000000001        9.3315451957960826E-003   2.4580046151804603E-006
   1.4500000000000002       0.45000000000000001        9.3316852359352429E-003   1.7512909897419135E-006
   1.5500000000000000       0.45000000000000001        9.3318120685769966E-003   1.2488846746778596E-006
   1.6500000000000001       0.45000000000000001        9.3319295666327504E-003   8.9078024561436075E-007
   1.7500000000000000       0.45000000000000001        9.3320390765893723E-003   6.3439796334548667E-007
   1.8500000000000001       0.45000000000000001        9.3321407101286200E-003   4.4950029437450657E-007
   1.9500000000000002       0.45000000000000001        9.3322340144239516E-003   3.1455890884982947E-007
   2.0500000000000003       0.45000000000000001        9.3323183231392767E-003   2.1415567762336389E-007
   2.1499999999999999       0.45000000000000001        9.3323929425117320E-003   1.3711281975193648E-007
   2.2500000000000000       0.45000000000000001        9.3324572513320929E-003   7.5130350894235298E-008
   2.3500000000000001       0.45000000000000001        9.3325107549613717E-003   2.1768262163748735E-008
   2.4500000000000002       0.45000000000000001        9.3325531136443304E-003  -2.8348322815778305E-008
   2.5500000000000003       0.45000000000000001        9.3325841549863325E-003  -8.0196183996013484E-008
   2.6500000000000004       0.45000000000000001        9.3326038746814124E-003  -1.3897311329091444E-007
   2.7500000000000000       0.45000000000000001        9.3326124257162076E-003  -2.1074321789359111E-007
   2.8500000000000001       0.45000000000000001        9.3326100925257508E-003  -3.0318564716581071E-007
   2.9500000000000002       0.45000000000000001        9.3325972411990917E-003  -4.2653629072526396E-007
   3.0500000000000003       0.45000000000000001        9.3325742273211842E-003  -5.9483492179287191E-007
   3.1500000000000004       0.45000000000000001        9.3325412249576079E-003  -8.2762631014195803E-007
   3.2500000000000000       0.45000000000000001        9.3324979052039417E-003  -1.1523166922531501E-006
   3.3500000000000001       0.45000000000000001        9.3324428242797172E-003  -1.6074612839153012E-006
   3.4500000000000002       0.45000000000000001        9.3323722476009226E-003  -2.2473585280919842E-006
   3.5500000000000003       0.45000000000000001        9.3322778763599516E-003  -3.1484520388105541E-006
   3.6500000000000004       0.45000000000000001        9.3321424403596948E-003  -4.4181735359228921E-006
   3.7500000000000000       0.45000000000000001        9.3319311596257812E-003  -6.2069273551256786E-006
   3.8500000000000001       0.45000000000000001        9.3315752800217939E-003  -8.7236971212638279E-006
   3.9500000000000002       0.45000000000000001        9.3309406660445522E-003  -1.2254629668874309E-005
   4.0499999999999998       0.45000000000000001        9.3297691233841604E-003  -1.7180309452143643E-005
   4.1500000000000004       0.45000000000000001        9.3275729237778764E-003  -2.3977342279923928E-005
   4.2500000000000000       0.45000000000000001        9.3234585565979064E-003  -3.3164523369600150E-005
   4.3500000000000005       0.45000000000000001        9.3158738205578757E-003  -4.5096458561113428E-005
   4.4500000000000002       0.45000000000000001        9.3023735756644372E-003  -5.9394990005821375E-005
   4.5499999999999998       0.45000000000000001        9.2798346425657860E-003  -7.3629032904168034E-005
   4.6500000000000004       0.45000000000000001        9.2464201873632551E-003  -8.0648174228959227E-005
   4.7500000000000000       0.45000000000000001        9.2079161507432287E-003  -6.4484314951663533E-005
   4.8500000000000005       0.45000000000000001        4.5944418628152501E-003   0.0000000000000000     
  -5.0000000000000003E-002  0.55000000000000004        4.6065705610282255E-003   0.0000000000000000     
   5.0000000000000003E-002  0.55000000000000004        9.2241654970304683E-003   3.9185240934151175E-005
  0.15000000000000002       0.55000000000000004        9.2485956372931402E-003   5.4305461371241100E-005
  0.25000000000000000       0.55000000000000004        9.2735480059288680E-003   5.4544363045193949E-005
  0.35000000000000003       0.55000000000000004        9.2936839974622591E-003   4.7663215602815075E-005
  0.45000000000000001       0.55000000000000004        9.3082068508748422E-003   3.8574385439710206E-005
  0.55000000000000004       0.55000000000000004        9.3180944168217514E-003   2.9806630174880020E-005
  0.65000000000000002       0.55000000000000004        9.3246508021945923E-003   2.2371870966146718E-005
  0.75000000000000000       0.55000000000000004        9.3289702806890543E-003   1.6481340806246749E-005
  0.85000000000000009       0.55000000000000004        9.3318348579893122E-003   1.1995621001611280E-005
  0.95000000000000007       0.55000000000000004        9.3337633815647938E-003   8.6620965586752818E-006
   1.0500000000000000       0.55000000000000004        9.3350884834577132E-003   6.2230638002248243E-006
   1.1500000000000001       0.55000000000000004        9.3360208418095739E-003   4.4564476407283224E-006
   1.2500000000000000       0.55000000000000004        9.3366939914514904E-003   3.1852694219628547E-006
   1.3500000000000001       0.55000000000000004        9.3371932221888929E-003   2.2743962349848654E-006
   1.4500000000000002       0.55000000000000004        9.3375735809157097E-003   1.6232446532326622E-006
   1.5500000000000000       0.55000000000000004        9.3378709634664697E-003   1.1581330842302499E-006
   1.6500000000000001       0.55000000000000004        9.3381089708714886E-003   8.2563493790596969E-007
   1.7500000000000000       0.55000000000000004        9.3383031973206763E-003   5.8725688908451808E-007
   1.8500000000000001       0.55000000000000004        9.3384639551039178E-003   4.1535837339285034E-007
   1.9500000000000002       0.55000000000000004        9.3385980357281202E-003   2.9009784209973886E-007
   2.0500000000000003       0.55000000000000004        9.3387098649932235E-003   1.9717642920235907E-007
   2.1499999999999999       0.55000000000000004        9.3388022676587877E-003   1.2617690177460831E-007
   2.2500000000000000       0.55000000000000004        9.3388769731897470E-003   6.9333100304396399E-008
   2.3500000000000001       0.55000000000000004        9.3389349433583551E-003   2.0599699538315351E-008
   2.4500000000000002       0.55000000000000004        9.3389765709132929E-003  -2.5080345040815270E-008
   2.5500000000000003       0.55000000000000004        9.3390017778056389E-003  -7.2393760153389378E-008
   2.6500000000000004       0.55000000000000004        9.3390100266224144E-003  -1.2623158508944402E-007
   2.7500000000000000       0.55000000000000004        9.3390002467171659E-003  -1.9228710814595400E-007
   2.8500000000000001       0.55000000000000004        9.3389706646132050E-003  -2.7774607901454930E-007
   2.9500000000000002       0.55000000000000004        9.3389185142188375E-003  -3.9214751073704979E-007
   3.0500000000000003       0.55000000000000004        9.3388395832342125E-003  -5.4851003241067915E-007
   3.1500000000000004       0.55000000000000004        9.3387275232990948E-003  -7.6484284814022617E-007
   3.2500000000000000       0.55000000000000004        9.3385728053981369E-003  -1.0661909747085928E-006
   3.3500000000000001       0.55000000000000004        9.3383611258993533E-003  -1.4873975152362065E-006
   3.4500000000000002       0.55000000000000004        9.3380709401982374E-003  -2.0767895871464831E-006
   3.5500000000000003       0.55000000000000004        9.3376695831322194E-003  -2.9009801814058879E-006
   3.6500000000000004       0.55000000000000004        9.3371070693260474E-003  -4.0508591086176352E-006
   3.7500000000000000       0.55000000000000004        9.3363060704103398E-003  -5.6484762869755888E-006
   3.8500000000000001       0.55000000000000004        9.3351456595513246E-003  -7.8535914680822236E-006
   3.9500000000000002       0.55000000000000004        9.3334352346851768E-003  -1.0866550876510905E-005
   4.0499999999999998       0.55000000000000004        9.3308741067031596E-003  -1.4919662875754474E-005
   4.1500000000000004       0.55000000000000004        9.3269935697388520E-003  -2.0240363487874199E-005
   4.2500000000000000       0.55000000000000004        9.3210875430156798E-003  -2.6953599009231361E-005
   4.3500000000000005       0.55000000000000004        9.3121682277854893E-003  -3.4867585364547175E-005
   4.4500000000000002       0.55000000000000004        9.2990580650205764E-003  -4.3068053627778896E-005
   4.5499999999999998       0.55000000000000004        9.2808716225220352E-003  -4.9274340245916703E-005
   4.6500000000000004       0.55000000000000004        9.2583175956837873E-003  -4.9066327489055860E-005
   4.7500000000000000       0.55000000000000004        9.2361967600935787E-003  -3.5460735718785782E-005
   4.8500000000000005       0.55000000000000004        4.6130995384164415E-003   0.0000000000000000     
  -5.0000000000000003E-002  0.65000000000000002        4.6169536165748806E-003   0.0000000000000000     
   5.0000000000000003E-002  0.65000000000000002        9.2402964676580705E-003   2.1783750076120902E-005
  0.15000000000000002       0.65000000000000002        9.2554745844636854E-003   3.2134884908766253E-005
  0.25000000000000000       0.65000000000000002        9.2729164457933874E-003   3.4380475415476741E-005
  0.35000000000000003       0.65000000000000002        9.2889174924098185E-003   3.1772591768150609E-005
  0.45000000000000001       0.65000000000000002        9.3020219512428125E-003   2.6941861481803633E-005
  0.55000000000000004       0.65000000000000002        9.3120848967412559E-003   2.1613031543835701E-005
  0.65000000000000002       0.65000000000000002        9.3195321606343029E-003   1.6704752108866351E-005
  0.75000000000000000       0.65000000000000002        9.3249344825545727E-003   1.2586210714508058E-005
  0.85000000000000009       0.65000000000000002        9.3288174289388789E-003   9.3172636729861268E-006
  0.95000000000000007       0.65000000000000002        9.3316022389242029E-003   6.8133281640852832E-006
   1.0500000000000000       0.65000000000000002        9.3336046902262049E-003   4.9402028469079415E-006
   1.1500000000000001       0.65000000000000002        9.3350534258683140E-003   3.5612946315724916E-006
   1.2500000000000000       0.65000000000000002        9.3361110111655973E-003   2.5572991551776436E-006
   1.3500000000000001       0.65000000000000002        9.3368919415876776E-003   1.8316996979682841E-006
   1.4500000000000002       0.65000000000000002        9.3374764531513679E-003   1.3098151134828907E-006
   1.5500000000000000       0.65000000000000002        9.3379206014007673E-003   9.3544915147342383E-007
   1.6500000000000001       0.65000000000000002        9.3382634467339617E-003   6.6707475386082681E-007
   1.7500000000000000       0.65000000000000002        9.3385321226910917E-003   4.7436474527584658E-007
   1.8500000000000001       0.65000000000000002        9.3387453951096003E-003   3.3532869236566777E-007
   1.9500000000000002       0.65000000000000002        9.3389161562779672E-003   2.3406770634505504E-007
   2.0500000000000003       0.65000000000000002        9.3390531684086897E-003   1.5906287209466436E-007
   2.1499999999999999       0.65000000000000002        9.3391622753344183E-003   1.0188777011722743E-007
   2.2500000000000000       0.65000000000000002        9.3392472331799009E-003   5.6240061989281307E-008
   2.3500000000000001       0.65000000000000002        9.3393102622928367E-003   1.7201457235853224E-008
   2.4500000000000002       0.65000000000000002        9.3393523877594812E-003  -1.9349462637233555E-008
   2.5500000000000003       0.65000000000000002        9.3393736097418297E-003  -5.7234880291409600E-008
   2.6500000000000004       0.65000000000000002        9.3393729241761109E-003  -1.0044125865897086E-007
   2.7500000000000000       0.65000000000000002        9.3393481963420615E-003  -1.5360094165902308E-007
   2.8500000000000001       0.65000000000000002        9.3392958721016089E-003  -2.2254553847069518E-007
   2.9500000000000002       0.65000000000000002        9.3392104919116144E-003  -3.1499086720715410E-007
   3.0500000000000003       0.65000000000000002        9.3390839484534770E-003  -4.4142345972701250E-007
   3.1500000000000004       0.65000000000000002        9.3389043966731686E-003  -6.1627169142345680E-007
   3.2500000000000000       0.65000000000000002        9.3386546809496335E-003  -8.5945702532460881E-007
   3.3500000000000001       0.65000000000000002        9.3383100824234247E-003  -1.1984244235233448E-006
   3.4500000000000002       0.65000000000000002        9.3378351033973784E-003  -1.6707276720243297E-006
   3.5500000000000003       0.65000000000000002        9.3371788887996535E-003  -2.3271579934899081E-006
   3.6500000000000004       0.65000000000000002        9.3362687374820164E-003  -3.2351797476040678E-006
   3.7500000000000000       0.65000000000000002        9.3350010049600973E-003  -4.4819384178275166E-006
   3.8500000000000001       0.65000000000000002        9.3332286456822670E-003  -6.1750929945553997E-006
   3.9500000000000002       0.65000000000000002        9.3307449802515468E-003  -8.4378135017788092E-006
   4.0499999999999998       0.65000000000000002        9.3272647306406262E-003  -1.1390967979354538E-005
   4.1500000000000004       0.65000000000000002        9.3224075418546146E-003  -1.5110443880788099E-005
   4.2500000000000000       0.65000000000000002        9.3156990788558700E-003  -1.9541519685561665E-005
   4.3500000000000005       0.65000000000000002        9.3066244681840327E-003  -2.4349992534956831E-005
   4.4500000000000002       0.65000000000000002        9.2947998303937410E-003  -2.8705444015822303E-005
   4.5499999999999998       0.65000000000000002        9.2803562721809722E-003  -3.1050695731283303E-005
   4.6500000000000004       0.65000000000000002        9.2646060919742354E-003  -2.9017707618644280E-005
   4.7500000000000000       0.65000000000000002        9.2508871128194631E-003  -1.9688987092184187E-005
   4.8500000000000005       0.65000000000000002        4.6225532591547434E-003   0.0000000000000000     
  -5.0000000000000003E-002  0.75000000000000000        4.6225274348497972E-003   0.0000000000000000     
   5.0000000000000003E-002  0.75000000000000000        9.2493342659491565E-003   1.1127237949447285E-005
  0.15000000000000002       0.75000000000000000        9.2599848008157529E-003   1.6998935131610394E-005
  0.25000000000000000       0.75000000000000000        9.2732270058483203E-003   1.8892124737574156E-005
  0.35000000000000003       0.75000000000000000        9.2864843214265497E-003   1.8085106983644668E-005
  0.45000000000000001       0.75000000000000000        9.2983070731905877E-003   1.5806300181192123E-005
  0.55000000000000004       0.75000000000000000        9.3081181048875038E-003   1.2999004575578506E-005
  0.65000000000000002       0.75000000000000000        9.3158845173559410E-003   1.0248034573363025E-005
  0.75000000000000000       0.75000000000000000        9.3218430685804727E-003   7.8416066599099261E-006
  0.85000000000000009       0.75000000000000000        9.3263220256812954E-003   5.8740006030786230E-006
  0.95000000000000007       0.75000000000000000        9.3296461701549947E-003   4.3338447149080203E-006
   1.0500000000000000       0.75000000000000000        9.3320961164835639E-003   3.1632126192251068E-006
   1.1500000000000001       0.75000000000000000        9.3338974337640896E-003   2.2913120775144709E-006
   1.2500000000000000       0.75000000000000000        9.3352237284838012E-003   1.6510134659107444E-006
   1.3500000000000001       0.75000000000000000        9.3362049101443877E-003   1.1853677699883081E-006
   1.4500000000000002       0.75000000000000000        9.3369363435942473E-003   8.4894634905464806E-007
   1.5500000000000000       0.75000000000000000        9.3374870770472265E-003   6.0685364462253030E-007
   1.6500000000000001       0.75000000000000000        9.3379065795258249E-003   4.3293116827325585E-007
   1.7500000000000000       0.75000000000000000        9.3382299812390483E-003   3.0788082997476956E-007
   1.8500000000000001       0.75000000000000000        9.3384820225164266E-003   2.1760737142216185E-007
   1.9500000000000002       0.75000000000000000        9.3386799664039108E-003   1.5186602049970829E-007
   2.0500000000000003       0.75000000000000000        9.3388357113908388E-003   1.0320520605514485E-007
   2.1499999999999999       0.75000000000000000        9.3389572991821272E-003   6.6157673146386769E-008
   2.2500000000000000       0.75000000000000000        9.3390499678518771E-003   3.6624889701375580E-008
   2.3500000000000001       0.75000000000000000        9.3391168606572466E-003   1.1402739209533540E-008
   2.4500000000000002       0.75000000000000000        9.3391594670860154E-003  -1.2196963963650640E-008
   2.5500000000000003       0.75000000000000000        9.3391778447303349E-003  -3.6668367032062542E-008
   2.6500000000000004       0.75000000000000000        9.3391706467491550E-003  -6.4611778598879874E-008
   2.7500000000000000       0.75000000000000000        9.3391349581291531E-003  -9.9045237180662358E-008
   2.8500000000000001       0.75000000000000000        9.3390659227487564E-003  -1.4376129425821190E-007
   2.9500000000000002       0.75000000000000000        9.3389561204824060E-003  -2.0376610102749066E-007
   3.0500000000000003       0.75000000000000000        9.3387946274377728E-003  -2.8584300531580254E-007
   3.1500000000000004       0.75000000000000000        9.3385656613892334E-003  -3.9928836752760478E-007
   3.2500000000000000       0.75000000000000000        9.3382466779368609E-003  -5.5686976388519106E-007
   3.3500000000000001       0.75000000000000000        9.3378057425117511E-003  -7.7604879603665201E-007
   3.4500000000000002       0.75000000000000000        9.3371979658796889E-003  -1.0804774451106266E-006
   3.5500000000000003       0.75000000000000000        9.3363607742528824E-003  -1.5016896433355146E-006
   3.6500000000000004       0.75000000000000000        9.3352078303391896E-003  -2.0807165298798728E-006
   3.7500000000000000       0.75000000000000000        9.3336216139434328E-003  -2.8689670141475832E-006
   3.8500000000000001       0.75000000000000000        9.3314451769750568E-003  -3.9270020336732242E-006
   3.9500000000000002       0.75000000000000000        9.3284747119915523E-003  -5.3186285816353997E-006
   4.0499999999999998       0.75000000000000000        9.3244568162394632E-003  -7.0959529385141105E-006
   4.1500000000000004       0.75000000000000000        9.3190983767432994E-003  -9.2689419607344666E-006
   4.2500000000000000       0.75000000000000000        9.3121033748590244E-003  -1.1752047581126720E-005
   4.3500000000000005       0.75000000000000000        9.3032587359282611E-003  -1.4284468844680822E-005
   4.4500000000000002       0.75000000000000000        9.2925952586761455E-003  -1.6337450827188148E-005
   4.5499999999999998       0.75000000000000000        9.2806354227377760E-003  -1.7059041393189214E-005
   4.6500000000000004       0.75000000000000000        9.2686882268927413E-003  -1.5343928593759068E-005
   4.7500000000000000       0.75000000000000000        9.2590748988278706E-003  -1.0049905162910571E-005
   4.8500000000000005       0.75000000000000000        4.6276049411293147E-003   0.0000000000000000     
  -5.0000000000000003E-002  0.85000000000000009        4.6249293931047977E-003   0.0000000000000000     
   5.0000000000000003E-002  0.85000000000000009        9.2532917960398316E-003   3.4269505087778676E-006
  0.15000000000000002       0.85000000000000009        9.2620567574939212E-003   5.3199160436376400E-006
  0.25000000000000000       0.85000000000000009        9.2734260093765668E-003   6.0194528565671587E-006
  0.35000000000000003       0.85000000000000009        9.2853478625440061E-003   5.8611369050122862E-006
  0.45000000000000001       0.85000000000000009        9.2964603136871833E-003   5.1992319322018347E-006
  0.55000000000000004       0.85000000000000009        9.3060507419819791E-003   4.3290018398584289E-006
  0.65000000000000002       0.85000000000000009        9.3138982542955943E-003   3.4470444768499126E-006
  0.75000000000000000       0.85000000000000009        9.3200834630548669E-003   2.6583884295404359E-006
  0.85000000000000009       0.85000000000000009        9.3248323155027176E-003   2.0034457561596362E-006
  0.95000000000000007       0.85000000000000009        9.3284138219820473E-003   1.4849566663198921E-006
   1.0500000000000000       0.85000000000000009        9.3310843205566801E-003   1.0875798408911076E-006
   1.1500000000000001       0.85000000000000009        9.3330632344797212E-003   7.8979391884683581E-007
   1.2500000000000000       0.85000000000000009        9.3345269588321136E-003   5.7012445298715330E-007
   1.3500000000000001       0.85000000000000009        9.3356116795784497E-003   4.0984896748205640E-007
   1.4500000000000002       0.85000000000000009        9.3364196782611819E-003   2.9377746350422848E-007
   1.5500000000000000       0.85000000000000009        9.3370262747081868E-003   2.1011018013471184E-007
   1.6500000000000001       0.85000000000000009        9.3374861225126882E-003   1.4993318154261062E-007
   1.7500000000000000       0.85000000000000009        9.3378384153731987E-003   1.0663451698448689E-007
   1.8500000000000001       0.85000000000000009        9.3381109702625736E-003   7.5366072341421324E-008
   1.9500000000000002       0.85000000000000009        9.3383233216247849E-003   5.2594203134281168E-008
   2.0500000000000003       0.85000000000000009        9.3384890081316518E-003   3.5743367538357034E-008
   2.1499999999999999       0.85000000000000009        9.3386172259425377E-003   2.2920922640263803E-008
   2.2500000000000000       0.85000000000000009        9.3387139938630303E-003   1.2706341327402562E-008
   2.3500000000000001       0.85000000000000009        9.3387829423228347E-003   3.9880814990974891E-009
   2.4500000000000002       0.85000000000000009        9.3388258062674853E-003  -4.1669870890836944E-009
   2.5500000000000003       0.85000000000000009        9.3388426737604276E-003  -1.2624840673136599E-008
   2.6500000000000004       0.85000000000000009        9.3388320170021098E-003  -2.2288131586051643E-008
   2.7500000000000000       0.85000000000000009        9.3387905093289883E-003  -3.4203887150678632E-008
   2.8500000000000001       0.85000000000000009        9.3387126089646225E-003  -4.9686611627281041E-008
   2.9500000000000002       0.85000000000000009        9.3385898662700865E-003  -7.0469321177991183E-008
   3.0500000000000003       0.85000000000000009        9.3384098847220393E-003  -9.8896538565242536E-008
   3.1500000000000004       0.85000000000000009        9.3381548364575469E-003  -1.3817464589936017E-007
   3.2500000000000000       0.85000000000000009        9.3377994026030090E-003  -1.9269485208987974E-007
   3.3500000000000001       0.85000000000000009        9.3373079826604075E-003  -2.6843949268819870E-007
   3.4500000000000002       0.85000000000000009        9.3366310104198037E-003  -3.7346777528808893E-007
   3.5500000000000003       0.85000000000000009        9.3357002568667368E-003  -5.1844188041030495E-007
   3.6500000000000004       0.85000000000000009        9.3344231529009242E-003  -7.1708017849859077E-007
   3.7500000000000000       0.85000000000000009        9.3326765335158841E-003  -9.8628198302453596E-007
   3.8500000000000001       0.85000000000000009        9.3303009669775654E-003  -1.3454175402290006E-006
   3.9500000000000002       0.85000000000000009        9.3270982431772759E-003  -1.8138789216609087E-006
   4.0499999999999998       0.85000000000000009        9.3228369411616028E-003  -2.4054503249072264E-006
   4.1500000000000004       0.85000000000000009        9.3172743798947445E-003  -3.1175552181222501E-006
   4.2500000000000000       0.85000000000000009        9.3102070178547654E-003  -3.9135613354078152E-006
   4.3500000000000005       0.85000000000000009        9.3015628886922788E-003  -4.6984408729543459E-006
   4.4500000000000002       0.85000000000000009        9.2915427188099992E-003  -5.2944298852715380E-006
   4.5499999999999998       0.85000000000000009        9.2807915806610471E-003  -5.4348349177879884E-006
   4.6500000000000004       0.85000000000000009        9.2705397365446755E-003  -4.8010378296945977E-006
   4.7500000000000000       0.85000000000000009        9.2626348989821722E-003  -3.0940765852024949E-006
   4.8500000000000005       0.85000000000000009        4.6297687789085057E-003   0.0000000000000000     
