  -5.0000000000000003E-002  -5.0000000000000003E-002   1.1594259389373582E-003   0.0000000000000000     
   5.0000000000000003E-002  -5.0000000000000003E-002   2.1170109846303585E-003   2.0184722255461418E-004
  0.15000000000000002       -5.0000000000000003E-002   1.8088859411148133E-003   1.0629672653591360E-004
  0.25000000000000000       -5.0000000000000003E-002   1.6593709476937181E-003   4.3249503331727614E-005
  0.35000000000000003       -5.0000000000000003E-002   1.5989437158032849E-003   1.7220891648632069E-005
  0.45000000000000001       -5.0000000000000003E-002   1.5740982105074248E-003   7.6791464498527234E-006
  0.55000000000000004       -5.0000000000000003E-002   1.5624371342054266E-003   4.0471312230385350E-006
  0.65000000000000002       -5.0000000000000003E-002   1.5560335557600008E-003   2.4314826383371287E-006
  0.75000000000000000       -5.0000000000000003E-002   1.5521143079101547E-003   1.5716796388236311E-006
  0.85000000000000009       -5.0000000000000003E-002   1.5495780417262724E-003   1.0563191271542862E-006
  0.95000000000000007       -5.0000000000000003E-002   1.5478917347864834E-003   7.2838813340084651E-007
   1.0500000000000000       -5.0000000000000003E-002   1.5467539913208966E-003   5.1320098629961450E-007
   1.1500000000000001       -5.0000000000000003E-002   1.5459795724166784E-003   3.6923309884740055E-007
   1.2500000000000000       -5.0000000000000003E-002   1.5454497115189459E-003   2.7150259979186931E-007
   1.3500000000000001       -5.0000000000000003E-002   1.5450862880299083E-003   2.0433100189235936E-007
   1.4500000000000002       -5.0000000000000003E-002   1.5448369869314677E-003   1.5759658840259136E-007
   1.5500000000000000       -5.0000000000000003E-002   1.5446663125133319E-003   1.2462668007463398E-007
   1.6500000000000001       -5.0000000000000003E-002   1.5445499530730982E-003   1.0095384187096879E-007
   1.7500000000000000       -5.0000000000000003E-002   1.5444711501836866E-003   8.3554252221983297E-008
   1.8500000000000001       -5.0000000000000003E-002   1.5444183099772510E-003   7.0366174218654983E-008
   1.9500000000000002       -5.0000000000000003E-002   1.5443834075530782E-003   5.9976951338170442E-008
   2.0500000000000003       -5.0000000000000003E-002   1.5443609112086960E-003   5.1414538047733396E-008
   2.1499999999999999       -5.0000000000000003E-002   1.5443470553473352E-003   4.4005429287360074E-008
   2.2500000000000000       -5.0000000000000003E-002   1.5443393527235132E-003   3.7275347743998823E-008
   2.3500000000000001       -5.0000000000000003E-002   1.5443362756433726E-003   3.0877409280980212E-008
   2.4500000000000002       -5.0000000000000003E-002   1.5443370614233592E-003   2.4537395490828442E-008
   2.5500000000000003       -5.0000000000000003E-002   1.5443416153379749E-003   1.8008615025549021E-008
   2.6500000000000004       -5.0000000000000003E-002   1.5443504978379515E-003   1.1030360111889425E-008
   2.7500000000000000       -5.0000000000000003E-002   1.5443649942933453E-003   3.2845176999329924E-009
   2.8500000000000001       -5.0000000000000003E-002   1.5443872767343186E-003  -5.6554037807008718E-009
   2.9500000000000002       -5.0000000000000003E-002   1.5444206798014598E-003  -1.6389794261305459E-008
   3.0500000000000003       -5.0000000000000003E-002   1.5444701295215186E-003  -2.9782413917688489E-008
   3.1500000000000004       -5.0000000000000003E-002   1.5445427866656158E-003  -4.7087518413032340E-008
   3.2500000000000000       -5.0000000000000003E-002   1.5446490012605639E-003  -7.0135717853230587E-008
   3.3500000000000001       -5.0000000000000003E-002   1.5448037298465916E-003  -1.0161248284729107E-007
   3.4500000000000002       -5.0000000000000003E-002   1.5450286578374607E-003  -1.4548612142148981E-007
   3.5500000000000003       -5.0000000000000003E-002   1.5453554251627216E-003  -2.0768420514881238E-007
   3.6500000000000004       -5.0000000000000003E-002   1.5458306313492316E-003  -2.9719742591724760E-007
   3.7500000000000000       -5.0000000000000003E-002   1.5465238122968599E-003  -4.2794798660718288E-007
   3.8500000000000001       -5.0000000000000003E-002   1.5475405972674950E-003  -6.2210167810733590E-007
   3.9500000000000002       -5.0000000000000003E-002   1.5490455358170626E-003  -9.1642569718753920E-007
   4.0499999999999998       -5.0000000000000003E-002   1.5513057171105404E-003  -1.3767228621436553E-006
   4.1500000000000004       -5.0000000000000003E-002   1.5547912840030425E-003  -2.1402915185089343E-006
   4.2500000000000000       -5.0000000000000003E-002   1.5604684792880779E-003  -3.5659968714300806E-006
   4.3500000000000005       -5.0000000000000003E-002   1.5707727113208098E-003  -6.7642178303775591E-006
   4.4500000000000002       -5.0000000000000003E-002   1.5927451560374473E-003  -1.5230435113804692E-005
   4.5499999999999998       -5.0000000000000003E-002   1.6466407293358860E-003  -3.8683011834176999E-005
   4.6500000000000004       -5.0000000000000003E-002   1.7818515649509798E-003  -9.6540916539048034E-005
   4.7500000000000000       -5.0000000000000003E-002   2.0646387373082159E-003  -1.8625424305772172E-004
   4.8500000000000005       -5.0000000000000003E-002   1.1254451479439098E-003   0.0000000000000000     
  -5.0000000000000003E-002   5.0000000000000003E-002   3.6500474238710212E-003   0.0000000000000000     
   5.0000000000000003E-002   5.0000000000000003E-002   7.2417568813776282E-003   4.6203874078014145E-004
  0.15000000000000002        5.0000000000000003E-002   7.0937942927673855E-003   3.0223065157492917E-004
  0.25000000000000000        5.0000000000000003E-002   6.9377082741378035E-003   1.5297906321799776E-004
  0.35000000000000003        5.0000000000000003E-002   6.8314879297257545E-003   7.4225234219222645E-005
  0.45000000000000001        5.0000000000000003E-002   6.7691743910484655E-003   3.7942913425587226E-005
  0.55000000000000004        5.0000000000000003E-002   6.7335394777443078E-003   2.1209756557070067E-005
  0.65000000000000002        5.0000000000000003E-002   6.7125082951576143E-003   1.2853689124642061E-005
  0.75000000000000000        5.0000000000000003E-002   6.6995131682959265E-003   8.2316766701549721E-006
  0.85000000000000009        5.0000000000000003E-002   6.6911697812900451E-003   5.4594403971567685E-006
  0.95000000000000007        5.0000000000000003E-002   6.6856703950611855E-003   3.7077606176607777E-006
   1.0500000000000000        5.0000000000000003E-002   6.6819857286443997E-003   2.5639296342815646E-006
   1.1500000000000001        5.0000000000000003E-002   6.6794943143266994E-003   1.8003679747196676E-006
   1.2500000000000000        5.0000000000000003E-002   6.6778037374673072E-003   1.2825550222769401E-006
   1.3500000000000001        5.0000000000000003E-002   6.6766581281759770E-003   9.2713152473443706E-007
   1.4500000000000002        5.0000000000000003E-002   6.6758868114904727E-003   6.8066677401713036E-007
   1.5500000000000000        5.0000000000000003E-002   6.6753740855458087E-003   5.0805450075744256E-007
   1.6500000000000001        5.0000000000000003E-002   6.6750406078174311E-003   3.8580529887167391E-007
   1.7500000000000000        5.0000000000000003E-002   6.6748315315166120E-003   2.9799234407738098E-007
   1.8500000000000001        5.0000000000000003E-002   6.6747087508335469E-003   2.3370936545892678E-007
   1.9500000000000002        5.0000000000000003E-002   6.6746457407819435E-003   1.8542759719007264E-007
   2.0500000000000003        5.0000000000000003E-002   6.6746240853428531E-003   1.4790592973575141E-007
   2.1499999999999999        5.0000000000000003E-002   6.6746311329387168E-003   1.1745048507831517E-007
   2.2500000000000000        5.0000000000000003E-002   6.6746584238266370E-003   9.1398310635159258E-008
   2.3500000000000001        5.0000000000000003E-002   6.6747006619888184E-003   6.7744701061037859E-008
   2.4500000000000002        5.0000000000000003E-002   6.6747550877063718E-003   4.4859765356099646E-008
   2.5500000000000003        5.0000000000000003E-002   6.6748211649453968E-003   2.1254938211993107E-008
   2.6500000000000004        5.0000000000000003E-002   6.6749005412793851E-003  -4.6318437010247605E-009
   2.7500000000000000        5.0000000000000003E-002   6.6749972749090645E-003  -3.4660687542772259E-008
   2.8500000000000001        5.0000000000000003E-002   6.6751183593845419E-003  -7.1253989388352282E-008
   2.9500000000000002        5.0000000000000003E-002   6.6752746176963586E-003  -1.1773682777753373E-007
   3.0500000000000003        5.0000000000000003E-002   6.6754820905608582E-003  -1.7880291422583240E-007
   3.1500000000000004        5.0000000000000003E-002   6.6757641192618736E-003  -2.6117840793510754E-007
   3.2500000000000000        5.0000000000000003E-002   6.6761544380968861E-003  -3.7459550504470394E-007
   3.3500000000000001        5.0000000000000003E-002   6.6767017748536285E-003  -5.3325722845071312E-007
   3.4500000000000002        5.0000000000000003E-002   6.6774767649627371E-003  -7.5810066059456075E-007
   3.5500000000000003        5.0000000000000003E-002   6.6785825245809609E-003  -1.0804025681842416E-006
   3.6500000000000004        5.0000000000000003E-002   6.6801712257606996E-003  -1.5477372732755513E-006
   3.7500000000000000        5.0000000000000003E-002   6.6824709736219056E-003  -2.2342658326597320E-006
   3.8500000000000001        5.0000000000000003E-002   6.6858313865984127E-003  -3.2595111227227383E-006
   3.9500000000000002        5.0000000000000003E-002   6.6908054931176372E-003  -4.8252389295757309E-006
   4.0499999999999998        5.0000000000000003E-002   6.6983074431697463E-003  -7.2959754659735495E-006
   4.1500000000000004        5.0000000000000003E-002   6.7099382844314380E-003  -1.1400342007009082E-005
   4.2500000000000000        5.0000000000000003E-002   6.7286866411696454E-003  -1.8789684581405909E-005
   4.3500000000000005        5.0000000000000003E-002   6.7603505195979376E-003  -3.3560605889213655E-005
   4.4500000000000002        5.0000000000000003E-002   6.8156469954394729E-003  -6.5747384042616724E-005
   4.5499999999999998        5.0000000000000003E-002   6.9100524460726613E-003  -1.3650283411566943E-004
   4.6500000000000004        5.0000000000000003E-002   7.0492418190134676E-003  -2.7314748831487476E-004
   4.7500000000000000        5.0000000000000003E-002   7.1810297666351029E-003  -4.2423876573082181E-004
   4.8500000000000005        5.0000000000000003E-002   3.6163786808876925E-003   0.0000000000000000     
  -5.0000000000000003E-002  0.15000000000000002        4.7143569495146495E-003   0.0000000000000000     
   5.0000000000000003E-002  0.15000000000000002        9.4821637336286128E-003   4.6693953115413910E-004
  0.15000000000000002       0.15000000000000002        9.5412802592785857E-003   3.8621373527650472E-004
  0.25000000000000000       0.15000000000000002        9.5294044686117449E-003   2.3702026164877085E-004
  0.35000000000000003       0.15000000000000002        9.4920085443473984E-003   1.3388663056591263E-004
  0.45000000000000001       0.15000000000000002        9.4565813119940768E-003   7.6131353615568122E-005
  0.55000000000000004       0.15000000000000002        9.4300786314019686E-003   4.5289312887083023E-005
  0.65000000000000002       0.15000000000000002        9.4117418004191107E-003   2.8292217060982526E-005
  0.75000000000000000       0.15000000000000002        9.3993395742324928E-003   1.8358330486676243E-005
  0.85000000000000009       0.15000000000000002        9.3909636717590186E-003   1.2235541061438029E-005
  0.95000000000000007       0.15000000000000002        9.3852800974088390E-003   8.3114210010207870E-006
   1.0500000000000000       0.15000000000000002        9.3814061663894267E-003   5.7265578148648156E-006
   1.1500000000000001       0.15000000000000002        9.3787607576939196E-003   3.9905929838873365E-006
   1.2500000000000000       0.15000000000000002        9.3769570834685775E-003   2.8083305123070422E-006
   1.3500000000000001       0.15000000000000002        9.3757341861306267E-003   1.9946827026885559E-006
   1.4500000000000002       0.15000000000000002        9.3749138799741338E-003   1.4299912387014564E-006
   1.5500000000000000       0.15000000000000002        9.3743733267515478E-003   1.0351067271501605E-006
   1.6500000000000001       0.15000000000000002        9.3740272227573751E-003   7.5677679037163749E-007
   1.7500000000000000       0.15000000000000002        9.3738160151108588E-003   5.5871505236658836E-007
   1.8500000000000001       0.15000000000000002        9.3736979913213586E-003   4.1595142621062358E-007
   1.9500000000000002       0.15000000000000002        9.3736439133124197E-003   3.1115487156057950E-007
   2.0500000000000003       0.15000000000000002        9.3736333564368533E-003   2.3218114889249610E-007
   2.1499999999999999       0.15000000000000002        9.3736522121773622E-003   1.7040004883126533E-007
   2.2500000000000000       0.15000000000000002        9.3736910008338035E-003   1.1952543584728732E-007
   2.3500000000000001       0.15000000000000002        9.3737437626392681E-003   7.4768909238137318E-008
   2.4500000000000002       0.15000000000000002        9.3738073784470355E-003   3.2195169438684692E-008
   2.5500000000000003       0.15000000000000002        9.3738812300853021E-003  -1.1809503927455799E-008
   2.6500000000000004       0.15000000000000002        9.3739671557579382E-003  -6.1026448321381006E-008
   2.7500000000000000       0.15000000000000002        9.3740696945737220E-003  -1.1991583224680094E-007
   2.8500000000000001       0.15000000000000002        9.3741966521649882E-003  -1.9421775271153187E-007
   2.9500000000000002       0.15000000000000002        9.3743600620174953E-003  -2.9172542365031479E-007
   3.0500000000000003       0.15000000000000002        9.3745776712014003E-003  -4.2334125955909256E-007
   3.1500000000000004       0.15000000000000002        9.3748751538099851E-003  -6.0457685046022210E-007
   3.2500000000000000       0.15000000000000002        9.3752893646027718E-003  -8.5774386195695605E-007
   3.3500000000000001       0.15000000000000002        9.3758731121704238E-003  -1.2152323036566195E-006
   3.4500000000000002       0.15000000000000002        9.3767021951407185E-003  -1.7245397616749776E-006
   3.5500000000000003       0.15000000000000002        9.3778858773690323E-003  -2.4562111804929154E-006
   3.6500000000000004       0.15000000000000002        9.3795827071193692E-003  -3.5168103410668348E-006
   3.7500000000000000       0.15000000000000002        9.3820248399357261E-003  -5.0710022323716178E-006
   3.8500000000000001       0.15000000000000002        9.3855561695116736E-003  -7.3810465255686601E-006
   3.9500000000000002       0.15000000000000002        9.3906929119443750E-003  -1.0881729996355595E-005
   4.0499999999999998       0.15000000000000002        9.3982184464872949E-003  -1.6332903398888370E-005
   4.1500000000000004       0.15000000000000002        9.4093162307291693E-003  -2.5154934435916594E-005
   4.2500000000000000       0.15000000000000002        9.4256798814399481E-003  -4.0205285704356446E-005
   4.3500000000000005       0.15000000000000002        9.4492878377280889E-003  -6.7468804726932035E-005
   4.4500000000000002       0.15000000000000002        9.4807903196866359E-003  -1.1868255938084538E-004
   4.5499999999999998       0.15000000000000002        9.5138858784179180E-003  -2.1110441537787212E-004
   4.6500000000000004       0.15000000000000002        9.5235686117235603E-003  -3.4744419876947541E-004
   4.7500000000000000       0.15000000000000002        9.4679593302320394E-003  -4.2613669585752788E-004
   4.8500000000000005       0.15000000000000002        4.7090621481357866E-003   0.0000000000000000     
  -5.0000000000000003E-002  0.25000000000000000        5.1788688809085463E-003   0.0000000000000000     
   5.0000000000000003E-002  0.25000000000000000        1.0430590415448679E-002   3.4064970152529711E-004
  0.15000000000000002       0.25000000000000000        1.0551149803582982E-002   3.3286546221597031E-004
  0.25000000000000000       0.25000000000000000        1.0616652275341993E-002   2.3680432641940717E-004
  0.35000000000000003       0.25000000000000000        1.0636342148412338E-002   1.5189494304395851E-004
  0.45000000000000001       0.25000000000000000        1.0634455568667820E-002   9.5545918683026198E-005
  0.55000000000000004       0.25000000000000000        1.0625953733949112E-002   6.1009665684667245E-005
  0.65000000000000002       0.25000000000000000        1.0617156874877947E-002   3.9855624934679211E-005
  0.75000000000000000       0.25000000000000000        1.0609949633708015E-002   2.6572218585726589E-005
  0.85000000000000009       0.25000000000000000        1.0604527551958610E-002   1.8003102090899638E-005
  0.95000000000000007       0.25000000000000000        1.0600602807822556E-002   1.2348978824577195E-005
   1.0500000000000000       0.25000000000000000        1.0597821133642889E-002   8.5522962118740484E-006
   1.1500000000000001       0.25000000000000000        1.0595878492030005E-002   5.9689349627162952E-006
   1.2500000000000000       0.25000000000000000        1.0594540289020031E-002   4.1936150729566725E-006
   1.3500000000000001       0.25000000000000000        1.0593633117574769E-002   2.9642868541024055E-006
   1.4500000000000002       0.25000000000000000        1.0593031278848164E-002   2.1077846632501944E-006
   1.5500000000000000       0.25000000000000000        1.0592644507546888E-002   1.5077352461687240E-006
   1.6500000000000001       0.25000000000000000        1.0592408279610060E-002   1.0849220987420835E-006
   1.7500000000000000       0.25000000000000000        1.0592276578436290E-002   7.8488872435943733E-007
   1.8500000000000001       0.25000000000000000        1.0592216639937434E-002   5.6990025455203838E-007
   1.9500000000000002       0.25000000000000000        1.0592205192844061E-002   4.1361234465184865E-007
   2.0500000000000003       0.25000000000000000        1.0592225798171304E-002   2.9746533757042936E-007
   2.1499999999999999       0.25000000000000000        1.0592266988003782E-002   2.0819835190870838E-007
   2.2500000000000000       0.25000000000000000        1.0592320985887953E-002   1.3609678246500834E-007
   2.3500000000000001       0.25000000000000000        1.0592382855815612E-002   7.3717099499400262E-008
   2.4500000000000002       0.25000000000000000        1.0592449976619501E-002   1.4911486321059272E-008
   2.5500000000000003       0.25000000000000000        1.0592521777472068E-002  -4.5978478888403985E-008
   2.6500000000000004       0.25000000000000000        1.0592599701883691E-002  -1.1486459206485189E-007
   2.7500000000000000       0.25000000000000000        1.0592687395570604E-002  -1.9868747753496681E-007
   2.8500000000000001       0.25000000000000000        1.0592791140964862E-002  -3.0632590539985375E-007
   2.9500000000000002       0.25000000000000000        1.0592920591063754E-002  -4.4976137780907538E-007
   3.0500000000000003       0.25000000000000000        1.0593089891003533E-002  -6.4565927273635971E-007
   3.1500000000000004       0.25000000000000000        1.0593319320673516E-002  -9.1759653626763789E-007
   3.2500000000000000       0.25000000000000000        1.0593637649334403E-002  -1.2992807360875053E-006
   3.3500000000000001       0.25000000000000000        1.0594085465779335E-002  -1.8392984782042708E-006
   3.4500000000000002       0.25000000000000000        1.0594719831949146E-002  -2.6082637476022870E-006
   3.5500000000000003       0.25000000000000000        1.0595620683523398E-002  -3.7098267840271535E-006
   3.6500000000000004       0.25000000000000000        1.0596899394635395E-002  -5.2980862679823274E-006
   3.7500000000000000       0.25000000000000000        1.0598709606140882E-002  -7.6059993348804950E-006
   3.8500000000000001       0.25000000000000000        1.0601259093750821E-002  -1.0993395777746877E-005
   3.9500000000000002       0.25000000000000000        1.0604817036158724E-002  -1.6031243023714287E-005
   4.0499999999999998       0.25000000000000000        1.0609697272976377E-002  -2.3655096061956346E-005
   4.1500000000000004       0.25000000000000000        1.0616156694279568E-002  -3.5452842106653749E-005
   4.2500000000000000       0.25000000000000000        1.0624031698123967E-002  -5.4204218628698273E-005
   4.3500000000000005       0.25000000000000000        1.0631675908787138E-002  -8.4774003942829812E-005
   4.4500000000000002       0.25000000000000000        1.0633485136833034E-002  -1.3473348649860152E-004
   4.5499999999999998       0.25000000000000000        1.0615969612041618E-002  -2.1066926939876902E-004
   4.6500000000000004       0.25000000000000000        1.0556825759154035E-002  -2.9844441060996056E-004
   4.7500000000000000       0.25000000000000000        1.0446680655923085E-002  -3.0939807372934821E-004
   4.8500000000000005       0.25000000000000000        5.1898858494069918E-003   0.0000000000000000     
  -5.0000000000000003E-002  0.35000000000000003        5.3763530731628225E-003   0.0000000000000000     
   5.0000000000000003E-002  0.35000000000000003        1.0808094818428999E-002   2.1242103438831432E-004
  0.15000000000000002       0.35000000000000003        1.0911836524905887E-002   2.3683084582442498E-004
  0.25000000000000000       0.35000000000000003        1.0988122898491534E-002   1.9111257024838319E-004
  0.35000000000000003       0.35000000000000003        1.1028697058148462E-002   1.3740899251456950E-004
  0.45000000000000001       0.35000000000000003        1.1045809869099830E-002   9.4914703418209618E-005
  0.55000000000000004       0.35000000000000003        1.1051151430600637E-002   6.4931556679925795E-005
  0.65000000000000002       0.35000000000000003        1.1051550402379587E-002   4.4481691801194072E-005
  0.75000000000000000       0.35000000000000003        1.1050250575545121E-002   3.0621048286816430E-005
  0.85000000000000009       0.35000000000000003        1.1048614509892070E-002   2.1195884640437093E-005
  0.95000000000000007       0.35000000000000003        1.1047144897404970E-002   1.4747353203917687E-005
   1.0500000000000000       0.35000000000000003        1.1045981010263049E-002   1.0307174111885401E-005
   1.1500000000000001       0.35000000000000003        1.1045121133007714E-002   7.2326059329464008E-006
   1.2500000000000000       0.35000000000000003        1.1044517373364093E-002   5.0936559943351771E-006
   1.3500000000000001       0.35000000000000003        1.1044113796302464E-002   3.5998143025941524E-006
   1.4500000000000002       0.35000000000000003        1.1043860188874315E-002   2.5529559977412952E-006
   1.5500000000000000       0.35000000000000003        1.1043715748817233E-002   1.8168726272981626E-006
   1.6500000000000001       0.35000000000000003        1.1043648897371998E-002   1.2973059367203325E-006
   1.7500000000000000       0.35000000000000003        1.1043635839790018E-002   9.2867374681042540E-007
   1.8500000000000001       0.35000000000000003        1.1043658931688696E-002   6.6512199358334550E-007
   1.9500000000000002       0.35000000000000003        1.1043705234627920E-002   4.7441591363879787E-007
   2.0500000000000003       0.35000000000000003        1.1043765362799456E-002   3.3371834402288977E-007
   2.1499999999999999       0.35000000000000003        1.1043832613796973E-002   2.2663254749253543E-007
   2.2500000000000000       0.35000000000000003        1.1043902341817154E-002   1.4109284704320507E-007
   2.3500000000000001       0.35000000000000003        1.1043971527723795E-002   6.7816452013965391E-008
   2.4500000000000002       0.35000000000000003        1.1044038508139634E-002  -8.8797838715291157E-010
   2.5500000000000003       0.35000000000000003        1.1044102837143317E-002  -7.2109041559723333E-008
   2.6500000000000004       0.35000000000000003        1.1044165266238366E-002  -1.5324456709861370E-007
   2.7500000000000000       0.35000000000000003        1.1044227840183867E-002  -2.5295241073742303E-007
   2.8500000000000001       0.35000000000000003        1.1044294118001598E-002  -3.8226097934943808E-007
   2.9500000000000002       0.35000000000000003        1.1044369540001715E-002  -5.5598253466900252E-007
   3.0500000000000003       0.35000000000000003        1.1044461972283369E-002  -7.9461515148297627E-007
   3.1500000000000004       0.35000000000000003        1.1044582467219101E-002  -1.1269906489628159E-006
   3.2500000000000000       0.35000000000000003        1.1044746274842580E-002  -1.5940399748149362E-006
   3.3500000000000001       0.35000000000000003        1.1044974108912671E-002  -2.2542287476367237E-006
   3.4500000000000002       0.35000000000000003        1.1045293574079393E-002  -3.1915057891832801E-006
   3.5500000000000003       0.35000000000000003        1.1045740410198825E-002  -4.5270781750770372E-006
   3.6500000000000004       0.35000000000000003        1.1046358611908979E-002  -6.4370983180745200E-006
   3.7500000000000000       0.35000000000000003        1.1047197099149648E-002  -9.1796146891338553E-006
   3.8500000000000001       0.35000000000000003        1.1048297464802933E-002  -1.3136162806760804E-005
   3.9500000000000002       0.35000000000000003        1.1049660219262035E-002  -1.8876350253398564E-005
   4.0499999999999998       0.35000000000000003        1.1051161166790309E-002  -2.7257107463184561E-005
   4.1500000000000004       0.35000000000000003        1.1052355734880316E-002  -3.9567714845675122E-005
   4.2500000000000000       0.35000000000000003        1.1052042848875199E-002  -5.7709649731090205E-005
   4.3500000000000005       0.35000000000000003        1.1047364734650360E-002  -8.4286634434531141E-005
   4.4500000000000002       0.35000000000000003        1.1032276249495153E-002  -1.2198601519882162E-004
   4.5499999999999998       0.35000000000000003        1.0996276066659880E-002  -1.6993678024835487E-004
   4.6500000000000004       0.35000000000000003        1.0927954131093402E-002  -2.1173729673342262E-004
   4.7500000000000000       0.35000000000000003        1.0833928029502116E-002  -1.9194995720858151E-004
   4.8500000000000005       0.35000000000000003        5.3916917505761816E-003   0.0000000000000000     
  -5.0000000000000003E-002  0.45000000000000001        5.4587606320804418E-003   0.0000000000000000     
   5.0000000000000003E-002  0.45000000000000001        1.0951473496379727E-002   1.2309278866271558E-004
  0.15000000000000002       0.45000000000000001        1.1020609579133882E-002   1.5331911339757219E-004
  0.25000000000000000       0.45000000000000001        1.1080878591541778E-002   1.3813138945706563E-004
  0.35000000000000003       0.45000000000000001        1.1121112362625864E-002   1.0966856858248015E-004
  0.45000000000000001       0.45000000000000001        1.1144663169966680E-002   8.2100574459108080E-005
  0.55000000000000004       0.45000000000000001        1.1157516429749808E-002   5.9681266853768907E-005
  0.65000000000000002       0.45000000000000001        1.1164267732117452E-002   4.2731778034451882E-005
  0.75000000000000000       0.45000000000000001        1.1167745505278399E-002   3.0360844272663913E-005
  0.85000000000000009       0.45000000000000001        1.1169530260367955E-002   2.1490864047139439E-005
  0.95000000000000007       0.45000000000000001        1.1170460865184566E-002   1.5188181753125479E-005
   1.0500000000000000       0.45000000000000001        1.1170968985765225E-002   1.0729803060507380E-005
   1.1500000000000001       0.45000000000000001        1.1171272111327899E-002   7.5827586572422395E-006
   1.2500000000000000       0.45000000000000001        1.1171477862150732E-002   5.3632613068490048E-006
   1.3500000000000001       0.45000000000000001        1.1171638378836080E-002   3.7980892074300281E-006
   1.4500000000000002       0.45000000000000001        1.1171778113211302E-002   2.6938067525632086E-006
   1.5500000000000000       0.45000000000000001        1.1171907857294668E-002   1.9138151826910070E-006
   1.6500000000000001       0.45000000000000001        1.1172031768577430E-002   1.3617453611025822E-006
   1.7500000000000000       0.45000000000000001        1.1172150865926222E-002   9.6960464187446877E-007
   1.8500000000000001       0.45000000000000001        1.1172264758655159E-002   6.8936661535729728E-007
   1.9500000000000002       0.45000000000000001        1.1172372495920175E-002   4.8701222644275973E-007
   2.0500000000000003       0.45000000000000001        1.1172472980562944E-002   3.3829927808924411E-007
   2.1499999999999999       0.45000000000000001        1.1172565168687348E-002   2.2574051265856646E-007
   2.2500000000000000       0.45000000000000001        1.1172648164615320E-002   1.3641708966062313E-007
   2.3500000000000001       0.45000000000000001        1.1172721265120247E-002   6.0357043033284702E-008
   2.4500000000000002       0.45000000000000001        1.1172783979037221E-002  -1.0721798433978325E-008
   2.5500000000000003       0.45000000000000001        1.1172836034388350E-002  -8.4459748739970367E-008
   2.6500000000000004       0.45000000000000001        1.1172877377815476E-002  -1.6882341198618697E-007
   2.7500000000000000       0.45000000000000001        1.1172908166475364E-002  -2.7311344356355070E-007
   2.8500000000000001       0.45000000000000001        1.1172928748083977E-002  -4.0913616227987443E-007
   2.9500000000000002       0.45000000000000001        1.1172939618054482E-002  -5.9268344629152867E-007
   3.0500000000000003       0.45000000000000001        1.1172941330090978E-002  -8.4550336237858975E-007
   3.1500000000000004       0.45000000000000001        1.1172934311716287E-002  -1.1980043732913669E-006
   3.2500000000000000       0.45000000000000001        1.1172918486490688E-002  -1.6930257023794223E-006
   3.3500000000000001       0.45000000000000001        1.1172892505382807E-002  -2.3911349611300716E-006
   3.4500000000000002       0.45000000000000001        1.1172852192007360E-002  -3.3780923261791587E-006
   3.5500000000000003       0.45000000000000001        1.1172787414154268E-002  -4.7753556274183065E-006
   3.6500000000000004       0.45000000000000001        1.1172675820407617E-002  -6.7547794318838447E-006
   3.7500000000000000       0.45000000000000001        1.1172470370595504E-002  -9.5588996456428560E-006
   3.8500000000000001       0.45000000000000001        1.1172074696212170E-002  -1.3528098224029762E-005
   3.9500000000000002       0.45000000000000001        1.1171294978783971E-002  -1.9134629243007462E-005
   4.0499999999999998       0.45000000000000001        1.1169747810617765E-002  -2.7018542105703295E-005
   4.1500000000000004       0.45000000000000001        1.1166689852486754E-002  -3.8005784895336970E-005
   4.2500000000000000       0.45000000000000001        1.1160722636386353E-002  -5.3049663565479833E-005
   4.3500000000000005       0.45000000000000001        1.1149344161003666E-002  -7.2941996137343217E-005
   4.4500000000000002       0.45000000000000001        1.1128478621447311E-002  -9.7421045076373299E-005
   4.5499999999999998       0.45000000000000001        1.1092756937670357E-002  -1.2281563092765286E-004
   4.6500000000000004       0.45000000000000001        1.1038970085967832E-002  -1.3677584420683896E-004
   4.7500000000000000       0.45000000000000001        1.0976724445305975E-002  -1.1065564190367964E-004
   4.8500000000000005       0.45000000000000001        5.4729846447069182E-003   0.0000000000000000     
  -5.0000000000000003E-002  0.55000000000000004        5.4950325525824394E-003   0.0000000000000000     
   5.0000000000000003E-002  0.55000000000000004        1.1009375365831459E-002   6.9842954375262575E-005
  0.15000000000000002       0.55000000000000004        1.1051763005190909E-002   9.5083036654108714E-005
  0.25000000000000000       0.55000000000000004        1.1094283012924944E-002   9.3640918840730760E-005
  0.35000000000000003       0.55000000000000004        1.1127872761455859E-002   8.0421845610727702E-005
  0.45000000000000001       0.55000000000000004        1.1151603945039940E-002   6.4174371918679027E-005
  0.55000000000000004       0.55000000000000004        1.1167467606850265E-002   4.9020950313379883E-005
  0.65000000000000002       0.55000000000000004        1.1177817795638255E-002   3.6440673988862147E-005
  0.75000000000000000       0.55000000000000004        1.1184536707181683E-002   2.6623092177203213E-005
  0.85000000000000009       0.55000000000000004        1.1188930005975978E-002   1.9234027107039530E-005
  0.95000000000000007       0.55000000000000004        1.1191845754253795E-002   1.3795465904653911E-005
   1.0500000000000000       0.55000000000000004        1.1193818913534704E-002   9.8489300053040223E-006
   1.1500000000000001       0.55000000000000004        1.1195184105827422E-002   7.0113438592121039E-006
   1.2500000000000000       0.55000000000000004        1.1196151436364076E-002   4.9833439835564534E-006
   1.3500000000000001       0.55000000000000004        1.1196854204314705E-002   3.5395417578586868E-006
   1.4500000000000002       0.55000000000000004        1.1197378081521612E-002   2.5139952483780470E-006
   1.5500000000000000       0.55000000000000004        1.1197778832326009E-002   1.7862291565152438E-006
   1.6500000000000001       0.55000000000000004        1.1198093140060913E-002   1.2695542067742169E-006
   1.7500000000000000       0.55000000000000004        1.1198345314002968E-002   9.0193461016218423E-007
   1.8500000000000001       0.55000000000000004        1.1198551517974584E-002   6.3910010793274994E-007
   1.9500000000000002       0.55000000000000004        1.1198722484863881E-002   4.4945573351891338E-007
   2.0500000000000003       0.55000000000000004        1.1198865286471616E-002   3.1035959481630624E-007
   2.1499999999999999       0.55000000000000004        1.1198984498976338E-002   2.0540759890834512E-007
   2.2500000000000000       0.55000000000000004        1.1199082970234153E-002   1.2243898219755335E-007
   2.3500000000000001       0.55000000000000004        1.1199162315051213E-002   5.2041079949500963E-008
   2.4500000000000002       0.55000000000000004        1.1199223215080817E-002  -1.3618674368299967E-008
   2.5500000000000003       0.55000000000000004        1.1199265567707473E-002  -8.1771021699632983E-008
   2.6500000000000004       0.55000000000000004        1.1199288505282085E-002  -1.5995017179436284E-007
   2.7500000000000000       0.55000000000000004        1.1199290287316411E-002  -2.5693465380389261E-007
   2.8500000000000001       0.55000000000000004        1.1199268049936276E-002  -3.8383597571449382E-007
   2.9500000000000002       0.55000000000000004        1.1199217375351886E-002  -5.5546315081399725E-007
   3.0500000000000003       0.55000000000000004        1.1199131614661689E-002  -7.9211981838072755E-007
   3.1500000000000004       0.55000000000000004        1.1199000852845770E-002  -1.1220331124693071E-006
   3.2500000000000000       0.55000000000000004        1.1198810333407867E-002  -1.5846693668324755E-006
   3.3500000000000001       0.55000000000000004        1.1198538041082345E-002  -2.2352568564926943E-006
   3.4500000000000002       0.55000000000000004        1.1198150938120332E-002  -3.1508950679263298E-006
   3.5500000000000003       0.55000000000000004        1.1197599000647273E-002  -4.4386432985588532E-006
   3.6500000000000004       0.55000000000000004        1.1196805604126749E-002  -6.2458521126523116E-006
   3.7500000000000000       0.55000000000000004        1.1195651808462652E-002  -8.7725101469554189E-006
   3.8500000000000001       0.55000000000000004        1.1193950514662184E-002  -1.2284048659054518E-005
   3.9500000000000002       0.55000000000000004        1.1191404254971346E-002  -1.7119879080731369E-005
   4.0499999999999998       0.55000000000000004        1.1187538159429992E-002  -2.3685962845490594E-005
   4.1500000000000004       0.55000000000000004        1.1181600256496491E-002  -3.2405397838170812E-005
   4.2500000000000000       0.55000000000000004        1.1172433454732010E-002  -4.3574218759972180E-005
   4.3500000000000005       0.55000000000000004        1.1158369001793580E-002  -5.7026477777558665E-005
   4.4500000000000002       0.55000000000000004        1.1137313965886474E-002  -7.1460404273986626E-005
   4.5499999999999998       0.55000000000000004        1.1107474678091464E-002  -8.3251047334609451E-005
   4.6500000000000004       0.55000000000000004        1.1069594453966707E-002  -8.4699537399742975E-005
   4.7500000000000000       0.55000000000000004        1.1031625087633255E-002  -6.2532916140418306E-005
   4.8500000000000005       0.55000000000000004        5.5071260744120202E-003   0.0000000000000000     
  -5.0000000000000003E-002  0.65000000000000002        5.5130233828941163E-003   0.0000000000000000     
   5.0000000000000003E-002  0.65000000000000002        1.1037485344591223E-002   3.9106773507772036E-005
  0.15000000000000002       0.65000000000000002        1.1064315595143896E-002   5.6639138704428468E-005
  0.25000000000000000       0.65000000000000002        1.1094522232805578E-002   5.9420644197047584E-005
  0.35000000000000003       0.65000000000000002        1.1121674217282006E-002   5.3986713301851749E-005
  0.45000000000000001       0.65000000000000002        1.1143520622548895E-002   4.5140980824393172E-005
  0.55000000000000004       0.65000000000000002        1.1160048214037812E-002   3.5793490662814403E-005
  0.65000000000000002       0.65000000000000002        1.1172124204941744E-002   2.7392024564952684E-005
  0.75000000000000000       0.65000000000000002        1.1180784377924656E-002   2.0460485691187430E-005
  0.85000000000000009       0.65000000000000002        1.1186941752073035E-002   1.5029425556240079E-005
  0.95000000000000007       0.65000000000000002        1.1191309959785812E-002   1.0912911831894941E-005
   1.0500000000000000       0.65000000000000002        1.1194415012550531E-002   7.8609630541741303E-006
   1.1500000000000001       0.65000000000000002        1.1196633156810356E-002   5.6320043255057532E-006
   1.2500000000000000       0.65000000000000002        1.1198229475092556E-002   4.0207840028413162E-006
   1.3500000000000001       0.65000000000000002        1.1199389384203626E-002   2.8642446059952183E-006
   1.4500000000000002       0.65000000000000002        1.1200242153556523E-002   2.0378985335635184E-006
   1.5500000000000000       0.65000000000000002        1.1200877764375417E-002   1.4490616680014985E-006
   1.6500000000000001       0.65000000000000002        1.1201358771937614E-002   1.0298482948097916E-006
   1.7500000000000000       0.65000000000000002        1.1201728587467756E-002   7.3106121023973434E-007
   1.8500000000000001       0.65000000000000002        1.1202017245179805E-002   5.1727203637991566E-007
   1.9500000000000002       0.65000000000000002        1.1202245414533732E-002   3.6302876115820944E-007
   2.0500000000000003       0.65000000000000002        1.1202427187095737E-002   2.5000251105164195E-007
   2.1499999999999999       0.65000000000000002        1.1202572002524662E-002   1.6486481390207074E-007
   2.2500000000000000       0.65000000000000002        1.1202685962640006E-002   9.7706584472252422E-008
   2.3500000000000001       0.65000000000000002        1.1202772701465320E-002   4.0841105390800969E-008
   2.4500000000000002       0.65000000000000002        1.1202833921323700E-002  -1.2137468940136455E-008
   2.5500000000000003       0.65000000000000002        1.1202869662325962E-002  -6.7146023258901644E-008
   2.6500000000000004       0.65000000000000002        1.1202878338973852E-002  -1.3034642718169842E-007
   2.7500000000000000       0.65000000000000002        1.1202856548507535E-002  -2.0890725278645259E-007
   2.8500000000000001       0.65000000000000002        1.1202798627148515E-002  -3.1188145008555475E-007
   2.9500000000000002       0.65000000000000002        1.1202695898706361E-002  -4.5129880542639557E-007
   3.0500000000000003       0.65000000000000002        1.1202535520824751E-002  -6.4359043571156559E-007
   3.1500000000000004       0.65000000000000002        1.1202298782007607E-002  -9.1148728261195876E-007
   3.2500000000000000       0.65000000000000002        1.1201958630181152E-002  -1.2865610387399578E-006
   3.3500000000000001       0.65000000000000002        1.1201476110933507E-002  -1.8125926476706522E-006
   3.4500000000000002       0.65000000000000002        1.1200795247704459E-002  -2.5499341062216789E-006
   3.5500000000000003       0.65000000000000002        1.1199835692621054E-002  -3.5809174908751261E-006
   3.6500000000000004       0.65000000000000002        1.1198482207705895E-002  -5.0160471529451294E-006
   3.7500000000000000       0.65000000000000002        1.1196569727660305E-002  -6.9999681047454621E-006
   3.8500000000000001       0.65000000000000002        1.1193862540601547E-002  -9.7146390110204273E-006
   3.9500000000000002       0.65000000000000002        1.1190026425081196E-002  -1.3374090956686386E-005
   4.0499999999999998       0.65000000000000002        1.1184594515260059E-002  -1.8199679937064530E-005
   4.1500000000000004       0.65000000000000002        1.1176933795255582E-002  -2.4355952597511441E-005
   4.2500000000000000       0.65000000000000002        1.1166234514202518E-002  -3.1815767223127165E-005
   4.3500000000000005       0.65000000000000002        1.1151577355370366E-002  -4.0115282732874376E-005
   4.4500000000000002       0.65000000000000002        1.1132189613828371E-002  -4.7973238198890879E-005
   4.5499999999999998       0.65000000000000002        1.1108071821208938E-002  -5.2816880194127833E-005
   4.6500000000000004       0.65000000000000002        1.1081195736472416E-002  -5.0403581122328377E-005
   4.7500000000000000       0.65000000000000002        1.1057244840427314E-002  -3.4924584474093947E-005
   4.8500000000000005       0.65000000000000002        5.5235020393144029E-003   0.0000000000000000     
  -5.0000000000000003E-002  0.75000000000000000        5.5224523604574527E-003   0.0000000000000000     
   5.0000000000000003E-002  0.75000000000000000        1.1052584037795053E-002   2.0001536433558608E-005
  0.15000000000000002       0.75000000000000000        1.1071491752052283E-002   3.0044222084112177E-005
  0.25000000000000000       0.75000000000000000        1.1094591898899830E-002   3.2771249144170194E-005
  0.35000000000000003       0.75000000000000000        1.1117305874068189E-002   3.0856474811162512E-005
  0.45000000000000001       0.75000000000000000        1.1137242414974607E-002   2.6597338648029184E-005
  0.55000000000000004       0.75000000000000000        1.1153562492830359E-002   2.1619866118467888E-005
  0.65000000000000002       0.75000000000000000        1.1166328098061793E-002   1.6874123670995033E-005
  0.75000000000000000       0.75000000000000000        1.1176016161656683E-002   1.2797978712192583E-005
  0.85000000000000009       0.75000000000000000        1.1183223424715864E-002   9.5107603294391443E-006
  0.95000000000000007       0.75000000000000000        1.1188517380374787E-002   6.9662141559383983E-006
   1.0500000000000000       0.75000000000000000        1.1192377289733988E-002   5.0503897343072182E-006
   1.1500000000000001       0.75000000000000000        1.1195182464638647E-002   3.6352886577930384E-006
   1.2500000000000000       0.75000000000000000        1.1197221500300494E-002   2.6038951413380701E-006
   1.3500000000000001       0.75000000000000000        1.1198708441114593E-002   1.8591035814005563E-006
   1.4500000000000002       0.75000000000000000        1.1199799319538024E-002   1.3246445828306818E-006
   1.5500000000000000       0.75000000000000000        1.1200606493382859E-002   9.4262847918405937E-007
   1.6500000000000001       0.75000000000000000        1.1201210127602930E-002   6.7008169702708286E-007
   1.7500000000000000       0.75000000000000000        1.1201666985790512E-002   4.7556434306717933E-007
   1.8500000000000001       0.75000000000000000        1.1202016975607756E-002   3.3628167102918210E-007
   1.9500000000000002       0.75000000000000000        1.1202287929335166E-002   2.3577732001405956E-007
   2.0500000000000003       0.75000000000000000        1.1202499043134959E-002   1.6215776949796148E-007
   2.1499999999999999       0.75000000000000000        1.1202663314509240E-002   1.0675087172657668E-007
   2.2500000000000000       0.75000000000000000        1.1202789235159270E-002   6.3095994762217423E-008
   2.3500000000000001       0.75000000000000000        1.1202881925660857E-002   2.6173669352384794E-008
   2.4500000000000002       0.75000000000000000        1.1202943840384670E-002  -8.2034774323277411E-009
   2.5500000000000003       0.75000000000000000        1.1202975123867474E-002  -4.3904660558283895E-008
   2.6500000000000004       0.75000000000000000        1.1202973660193205E-002  -8.4957803639525994E-008
   2.7500000000000000       0.75000000000000000        1.1202934821422013E-002  -1.3604394271778938E-007
   2.8500000000000001       0.75000000000000000        1.1202850886276481E-002  -2.0306509696031540E-007
   2.9500000000000002       0.75000000000000000        1.1202710062775324E-002  -2.9384741022074391E-007
   3.0500000000000003       0.75000000000000000        1.1202495004991979E-002  -4.1905105890168617E-007
   3.1500000000000004       0.75000000000000000        1.1202180661615877E-002  -5.9336994459970889E-007
   3.2500000000000000       0.75000000000000000        1.1201731230599523E-002  -8.3711270577689177E-007
   3.3500000000000001       0.75000000000000000        1.1201095921014113E-002  -1.1782512555175669E-006
   3.4500000000000002       0.75000000000000000        1.1200203148851708E-002  -1.6549812040337706E-006
   3.5500000000000003       0.75000000000000000        1.1198952743056569E-002  -2.3187153816161776E-006
   3.6500000000000004       0.75000000000000000        1.1197205771733727E-002  -3.2371437744744025E-006
   3.7500000000000000       0.75000000000000000        1.1194771846633679E-002  -4.4963951277757514E-006
   3.8500000000000001       0.75000000000000000        1.1191394489794924E-002  -6.2001973408283131E-006
   3.9500000000000002       0.75000000000000000        1.1186736845058260E-002  -8.4619498878068993E-006
   4.0499999999999998       0.75000000000000000        1.1180373539304535E-002  -1.1382539835977529E-005
   4.1500000000000004       0.75000000000000000        1.1171801088193991E-002  -1.5002816442043244E-005
   4.2500000000000000       0.75000000000000000        1.1160490124987122E-002  -1.9216845221730327E-005
   4.3500000000000005       0.75000000000000000        1.1146017356406942E-002  -2.3636242566345108E-005
   4.4500000000000002       0.75000000000000000        1.1128326839743892E-002  -2.7418436536387724E-005
   4.5499999999999998       0.75000000000000000        1.1108159998089562E-002  -2.9122794818941030E-005
   4.6500000000000004       0.75000000000000000        1.1087630909815537E-002  -2.6718678957405083E-005
   4.7500000000000000       0.75000000000000000        1.1070793010476518E-002  -1.7836665706144286E-005
   4.8500000000000005       0.75000000000000000        5.5319702422800847E-003   0.0000000000000000     
  -5.0000000000000003E-002  0.85000000000000009        5.5265502291032683E-003   0.0000000000000000     
   5.0000000000000003E-002  0.85000000000000009        1.1059271061946770E-002   6.1642744299626198E-006
  0.15000000000000002       0.85000000000000009        1.1074868442433923E-002   9.4142004821640511E-006
  0.25000000000000000       0.85000000000000009        1.1094772959284967E-002   1.0459079922264459E-005
  0.35000000000000003       0.85000000000000009        1.1115294578300744E-002   1.0019376003491363E-005
  0.45000000000000001       0.85000000000000009        1.1134135013765201E-002   8.7665266582239934E-006
  0.55000000000000004       0.85000000000000009        1.1150181379258030E-002   7.2146374635744954E-006
  0.65000000000000002       0.85000000000000009        1.1163158124639362E-002   5.6870725016450760E-006
  0.75000000000000000       0.85000000000000009        1.1173276015650484E-002   4.3469040819791977E-006
  0.85000000000000009       0.85000000000000009        1.1180964352488823E-002   3.2497001740721587E-006
  0.95000000000000007       0.85000000000000009        1.1186703462355540E-002   2.3910093716732403E-006
   1.0500000000000000       0.85000000000000009        1.1190937578073372E-002   1.7392606918239499E-006
   1.1500000000000001       0.85000000000000009        1.1194039852558846E-002   1.2549986125023247E-006
   1.2500000000000000       0.85000000000000009        1.1196306238798885E-002   9.0051282640467829E-007
   1.3500000000000001       0.85000000000000009        1.1197962882892338E-002   6.4372115417222123E-007
   1.4500000000000002       0.85000000000000009        1.1199178257471250E-002   4.5902693266002003E-007
   1.5500000000000000       0.85000000000000009        1.1200075630327070E-002   3.2679707260358817E-007
   1.6500000000000001       0.85000000000000009        1.1200743999900831E-002   2.3235141923810734E-007
   1.7500000000000000       0.85000000000000009        1.1201246951609022E-002   1.6489508407733933E-007
   1.8500000000000001       0.85000000000000009        1.1201629500014510E-002   1.1657310122637791E-007
   1.9500000000000002       0.85000000000000009        1.1201923213677911E-002   8.1699860627630257E-008
   2.0500000000000003       0.85000000000000009        1.1202149967022512E-002   5.6158338830320293E-008
   2.1499999999999999       0.85000000000000009        1.1202324631800136E-002   3.6942332698421878E-008
   2.2500000000000000       0.85000000000000009        1.1202456962126503E-002   2.1809840361218851E-008
   2.3500000000000001       0.85000000000000009        1.1202552865214672E-002   9.0175708504448922E-009
   2.4500000000000002       0.85000000000000009        1.1202615193820771E-002  -2.8895495613116238E-009
   2.5500000000000003       0.85000000000000009        1.1202644147896321E-002  -1.5256300044264086E-008
   2.6500000000000004       0.85000000000000009        1.1202637330715581E-002  -2.9482355808232085E-008
   2.7500000000000000       0.85000000000000009        1.1202589466232577E-002  -4.7193460378230584E-008
   2.8500000000000001       0.85000000000000009        1.1202491746625685E-002  -7.0437701362844892E-008
   2.9500000000000002       0.85000000000000009        1.1202330738937043E-002  -1.0192785631083063E-007
   3.0500000000000003       0.85000000000000009        1.1202086734875336E-002  -1.4535371718982347E-007
   3.1500000000000004       0.85000000000000009        1.1201731376895009E-002  -2.0579147479901533E-007
   3.2500000000000000       0.85000000000000009        1.1201224338133791E-002  -2.9023864498290046E-007
   3.3500000000000001       0.85000000000000009        1.1200508781543305E-002  -4.0829833069518816E-007
   3.4500000000000002       0.85000000000000009        1.1199505295495427E-002  -5.7301710364216242E-007
   3.5500000000000003       0.85000000000000009        1.1198104045619934E-002  -8.0182977038896863E-007
   3.6500000000000004       0.85000000000000009        1.1196155088558740E-002  -1.1174518460984637E-006
   3.7500000000000000       0.85000000000000009        1.1193457334982676E-002  -1.5483372649152809E-006
   3.8500000000000001       0.85000000000000009        1.1189747820148725E-002  -2.1279128747998277E-006
   3.9500000000000002       0.85000000000000009        1.1184695185685552E-002  -2.8911327624960968E-006
   4.0499999999999998       0.85000000000000009        1.1177905142822070E-002  -3.8659428349869855E-006
   4.1500000000000004       0.85000000000000009        1.1168951519024996E-002  -5.0562334738034647E-006
   4.2500000000000000       0.85000000000000009        1.1157453530156300E-002  -6.4126622898680550E-006
   4.3500000000000005       0.85000000000000009        1.1143224396563766E-002  -7.7904886334834338E-006
   4.4500000000000002       0.85000000000000009        1.1126509003015286E-002  -8.9026966873635904E-006
   4.5499999999999998       0.85000000000000009        1.1108294997700573E-002  -9.2934349777352635E-006
   4.6500000000000004       0.85000000000000009        1.1090619165819562E-002  -8.3693041450914912E-006
   4.7500000000000000       0.85000000000000009        1.1076748462302458E-002  -5.4934121324501923E-006
   4.8500000000000005       0.85000000000000009        5.5356261828459399E-003   0.0000000000000000     
