  -5.0000000000000003E-002  -5.0000000000000003E-002   4.7489828062832247E-004   0.0000000000000000     
   5.0000000000000003E-002  -5.0000000000000003E-002   9.4978849461710912E-004   8.8987612643244732E-010
  0.15000000000000002       -5.0000000000000003E-002   9.4977994569064254E-004  -1.3860943742394046E-008
  0.25000000000000000       -5.0000000000000003E-002   9.4978228154771638E-004  -2.4307419332408037E-008
  0.35000000000000003       -5.0000000000000003E-002   9.4978988521523828E-004  -3.3389742274128820E-008
  0.45000000000000001       -5.0000000000000003E-002   9.4980090873876706E-004  -4.1914420223067466E-008
  0.55000000000000004       -5.0000000000000003E-002   9.4981456284619662E-004  -5.0109292401394662E-008
  0.65000000000000002       -5.0000000000000003E-002   9.4983037029123521E-004  -5.8031885265777253E-008
  0.75000000000000000       -5.0000000000000003E-002   9.4984794351226785E-004  -6.5684968532686142E-008
  0.85000000000000009       -5.0000000000000003E-002   9.4986691390663239E-004  -7.3052275513763920E-008
  0.95000000000000007       -5.0000000000000003E-002   9.4988690927174930E-004  -8.0110684090180316E-008
   1.0500000000000000       -5.0000000000000003E-002   9.4990754822604512E-004  -8.6834831205159948E-008
   1.1500000000000001       -5.0000000000000003E-002   9.4992844129246790E-004  -9.3199063992121343E-008
   1.2500000000000000       -5.0000000000000003E-002   9.4994919486293000E-004  -9.9178364605777741E-008
   1.3500000000000001       -5.0000000000000003E-002   9.4996941649053309E-004  -1.0474884321546216E-007
   1.4500000000000002       -5.0000000000000003E-002   9.4998872078421142E-004  -1.0988803365011467E-007
   1.5500000000000000       -5.0000000000000003E-002   9.5000673551447732E-004  -1.1457509089542027E-007
   1.6500000000000001       -5.0000000000000003E-002   9.5002310768543092E-004  -1.1879093539513503E-007
   1.7500000000000000       -5.0000000000000003E-002   9.5003750939833464E-004  -1.2251836547768197E-007
   1.8500000000000001       -5.0000000000000003E-002   9.5004964336962039E-004  -1.2574214853472562E-007
   1.9500000000000002       -5.0000000000000003E-002   9.5005924798943081E-004  -1.2844909639654389E-007
   2.0500000000000003       -5.0000000000000003E-002   9.5006610182371250E-004  -1.3062812776581390E-007
   2.1499999999999999       -5.0000000000000003E-002   9.5007002747724532E-004  -1.3227031924684401E-007
   2.2500000000000000       -5.0000000000000003E-002   9.5007089474847314E-004  -1.3336894582635223E-007
   2.3500000000000001       -5.0000000000000003E-002   9.5006862302043666E-004  -1.3391951127170906E-007
   2.4500000000000002       -5.0000000000000003E-002   9.5006318284576827E-004  -1.3391976874562050E-007
   2.5500000000000003       -5.0000000000000003E-002   9.5005459669768560E-004  -1.3336973184336870E-007
   2.6500000000000004       -5.0000000000000003E-002   9.5004293887316770E-004  -1.3227167622855169E-007
   2.7500000000000000       -5.0000000000000003E-002   9.5002833454885889E-004  -1.3063013208103098E-007
   2.8500000000000001       -5.0000000000000003E-002   9.5001095800461969E-004  -1.2845186759530660E-007
   2.9500000000000002       -5.0000000000000003E-002   9.4999103004384498E-004  -1.2574586390081800E-007
   3.0500000000000003       -5.0000000000000003E-002   9.4996881465359896E-004  -1.2252328191727692E-007
   3.1500000000000004       -5.0000000000000003E-002   9.4994461496122071E-004  -1.1879742189915301E-007
   3.2500000000000000       -5.0000000000000003E-002   9.4991876855737010E-004  -1.1458367689020647E-007
   3.3500000000000001       -5.0000000000000003E-002   9.4989164226884891E-004  -1.0989948204032043E-007
   3.4500000000000002       -5.0000000000000003E-002   9.4986362647873272E-004  -1.0476426308927137E-007
   3.5500000000000003       -5.0000000000000003E-002   9.4983512910800424E-004  -9.9199389982921525E-008
   3.6500000000000004       -5.0000000000000003E-002   9.4980656939569117E-004  -9.3228146633480304E-008
   3.7500000000000000       -5.0000000000000003E-002   9.4977837165140743E-004  -8.6875738541003575E-008
   3.8500000000000001       -5.0000000000000003E-002   9.4975095922301858E-004  -8.0169383062755143E-008
   3.9500000000000002       -5.0000000000000003E-002   9.4972474906587247E-004  -7.3138580715197790E-008
   4.0499999999999998       -5.0000000000000003E-002   9.4970014762802563E-004  -6.5815798438989059E-008
   4.1500000000000004       -5.0000000000000003E-002   9.4967754957867186E-004  -5.8238149802616941E-008
   4.2500000000000000       -5.0000000000000003E-002   9.4965734309555253E-004  -5.0451680716988705E-008
   4.3500000000000005       -5.0000000000000003E-002   9.4963993184580511E-004  -4.2523077419728858E-008
   4.4500000000000002       -5.0000000000000003E-002   9.4962580429166349E-004  -3.4574485227932868E-008
   4.5499999999999998       -5.0000000000000003E-002   9.4961575192243329E-004  -2.6896729409450147E-008
   4.6500000000000004       -5.0000000000000003E-002   9.4961160245157609E-004  -2.0350095383856125E-008
   4.7500000000000000       -5.0000000000000003E-002   9.4961888196991805E-004  -1.7891259872350290E-008
   4.8500000000000005       -5.0000000000000003E-002   4.7481321590924571E-004   0.0000000000000000     
  -5.0000000000000003E-002   5.0000000000000003E-002   7.9358474643059676E-004   0.0000000000000000     
   5.0000000000000003E-002   5.0000000000000003E-002   1.5871674793443979E-003  -3.3834939031870279E-009
  0.15000000000000002        5.0000000000000003E-002   1.5871500100848319E-003  -2.6609374454983010E-008
  0.25000000000000000        5.0000000000000003E-002   1.5871099157910961E-003  -4.5465561598352499E-008
  0.35000000000000003        5.0000000000000003E-002   1.5870523774457425E-003  -6.2483906957202415E-008
  0.45000000000000001        5.0000000000000003E-002   1.5869785374854472E-003  -7.8565092198467422E-008
  0.55000000000000004        5.0000000000000003E-002   1.5868887079242681E-003  -9.4022371332048869E-008
  0.65000000000000002        5.0000000000000003E-002   1.5867830642582897E-003  -1.0895004356517218E-007
  0.75000000000000000        5.0000000000000003E-002   1.5866617939839503E-003  -1.2335701388488516E-007
  0.85000000000000009        5.0000000000000003E-002   1.5865251271815490E-003  -1.3721751126955993E-007
  0.95000000000000007        5.0000000000000003E-002   1.5863733427065091E-003  -1.5049151537085263E-007
   1.0500000000000000        5.0000000000000003E-002   1.5862067702016036E-003  -1.6313355733215700E-007
   1.1500000000000001        5.0000000000000003E-002   1.5860257919587633E-003  -1.7509680287515245E-007
   1.2500000000000000        5.0000000000000003E-002   1.5858308451690828E-003  -1.8633510436879459E-007
   1.3500000000000001        5.0000000000000003E-002   1.5856224244233730E-003  -1.9680412492339807E-007
   1.4500000000000002        5.0000000000000003E-002   1.5854010842471741E-003  -2.0646201235389000E-007
   1.5500000000000000        5.0000000000000003E-002   1.5851674414834071E-003  -2.1526984109706460E-007
   1.6500000000000001        5.0000000000000003E-002   1.5849221773716331E-003  -2.2319192608697946E-007
   1.7500000000000000        5.0000000000000003E-002   1.5846660392002708E-003  -2.3019606041859096E-007
   1.8500000000000001        5.0000000000000003E-002   1.5843998414280512E-003  -2.3625370333010319E-007
   1.9500000000000002        5.0000000000000003E-002   1.5841244661867677E-003  -2.4134013263931550E-007
   2.0500000000000003        5.0000000000000003E-002   1.5838408630910934E-003  -2.4543456923204044E-007
   2.1499999999999999        5.0000000000000003E-002   1.5835500482942249E-003  -2.4852027786901960E-007
   2.2500000000000000        5.0000000000000003E-002   1.5832531027411289E-003  -2.5058464670918684E-007
   2.3500000000000001        5.0000000000000003E-002   1.5829511695844738E-003  -2.5161924699807797E-007
   2.4500000000000002        5.0000000000000003E-002   1.5826454507419908E-003  -2.5161987379341670E-007
   2.5500000000000003        5.0000000000000003E-002   1.5823372025880584E-003  -2.5058656840966072E-007
   2.6500000000000004        5.0000000000000003E-002   1.5820277307865521E-003  -2.4852362309043164E-007
   2.7500000000000000        5.0000000000000003E-002   1.5817183842863599E-003  -2.4543956850227950E-007
   2.8500000000000001        5.0000000000000003E-002   1.5814105485151841E-003  -2.4134714472513468E-007
   2.9500000000000002        5.0000000000000003E-002   1.5811056378212270E-003  -2.3626325666419493E-007
   3.0500000000000003        5.0000000000000003E-002   1.5808050872259559E-003  -2.3020891518175541E-007
   3.1500000000000004        5.0000000000000003E-002   1.5805103435641156E-003  -2.2320916595600063E-007
   3.2500000000000000        5.0000000000000003E-002   1.5802228560996218E-003  -2.1529300908998386E-007
   3.3500000000000001        5.0000000000000003E-002   1.5799440667179732E-003  -2.0649331450634070E-007
   3.4500000000000002        5.0000000000000003E-002   1.5796753998075534E-003  -1.9684674157395165E-007
   3.5500000000000003        5.0000000000000003E-002   1.5794182519545314E-003  -1.8639367787329403E-007
   3.6500000000000004        5.0000000000000003E-002   1.5791739815901595E-003  -1.7517822443131413E-007
   3.7500000000000000        5.0000000000000003E-002   1.5789438987473543E-003  -1.6324827953000171E-007
   3.8500000000000001        5.0000000000000003E-002   1.5787292551085619E-003  -1.5065582472572546E-007
   3.9500000000000002        5.0000000000000003E-002   1.5785312345602620E-003  -1.3745762862428365E-007
   4.0499999999999998        5.0000000000000003E-002   1.5783509444960606E-003  -1.2371683937672613E-007
   4.1500000000000004        5.0000000000000003E-002   1.5781894080311083E-003  -1.0950655074720942E-007
   4.2500000000000000        5.0000000000000003E-002   1.5780475566241070E-003  -9.4917982382089923E-008
   4.3500000000000005        5.0000000000000003E-002   1.5779262191731281E-003  -8.0080061011164314E-008
   4.4500000000000002        5.0000000000000003E-002   1.5778260877542805E-003  -6.5208737474887987E-008
   4.5499999999999998        5.0000000000000003E-002   1.5777475681526621E-003  -5.0737654557145539E-008
   4.6500000000000004        5.0000000000000003E-002   1.5776900953970510E-003  -3.7679521016459114E-008
   4.7500000000000000        5.0000000000000003E-002   1.5776489810571265E-003  -2.8650678001560403E-008
   4.8500000000000005        5.0000000000000003E-002   7.8881575390346071E-004   0.0000000000000000     
  -5.0000000000000003E-002  0.15000000000000002        7.9361178266887530E-004   0.0000000000000000     
   5.0000000000000003E-002  0.15000000000000002        1.5872173521472976E-003  -9.5103120565212172E-009
  0.15000000000000002       0.15000000000000002        1.5871957466688947E-003  -2.4447802199688551E-008
  0.25000000000000000       0.15000000000000002        1.5871561866870924E-003  -3.9637863028378218E-008
  0.35000000000000003       0.15000000000000002        1.5870994949561074E-003  -5.4268506887315613E-008
  0.45000000000000001       0.15000000000000002        1.5870263201851285E-003  -6.8327025002978603E-008
  0.55000000000000004       0.15000000000000002        1.5869370318240936E-003  -8.1881708990790298E-008
  0.65000000000000002       0.15000000000000002        1.5868318846906293E-003  -9.4967349834566093E-008
  0.75000000000000000       0.15000000000000002        1.5867111126075134E-003  -1.0758458920893771E-007
  0.85000000000000009       0.15000000000000002        1.5865749687448303E-003  -1.1971293866975826E-007
  0.95000000000000007       0.15000000000000002        1.5864237426225509E-003  -1.3132064250434834E-007
   1.0500000000000000       0.15000000000000002        1.5862577682362498E-003  -1.4237061779042011E-007
   1.1500000000000001       0.15000000000000002        1.5860774289777140E-003  -1.5282384879334553E-007
   1.2500000000000000       0.15000000000000002        1.5858831613854965E-003  -1.6264133594105880E-007
   1.3500000000000001       0.15000000000000002        1.5856754583940503E-003  -1.7178525218175518E-007
   1.4500000000000002       0.15000000000000002        1.5854548722550629E-003  -1.8021966384217016E-007
   1.5500000000000000       0.15000000000000002        1.5852220171284743E-003  -1.8791100699712130E-007
   1.6500000000000001       0.15000000000000002        1.5849775712805159E-003  -1.9482842162107886E-007
   1.7500000000000000       0.15000000000000002        1.5847222788082781E-003  -2.0094399879240263E-007
   1.8500000000000001       0.15000000000000002        1.5844569508089090E-003  -2.0623297131549769E-007
   1.9500000000000002       0.15000000000000002        1.5841824659166620E-003  -2.1067386474228235E-007
   2.0500000000000003       0.15000000000000002        1.5838997701395304E-003  -2.1424861840196848E-007
   2.1499999999999999       0.15000000000000002        1.5836098759374317E-003  -2.1694268211335217E-007
   2.2500000000000000       0.15000000000000002        1.5833138604954562E-003  -2.1874509190228269E-007
   2.3500000000000001       0.15000000000000002        1.5830128631582408E-003  -2.1964852682588832E-007
   2.4500000000000002       0.15000000000000002        1.5827080820047165E-003  -2.1964934828803814E-007
   2.5500000000000003       0.15000000000000002        1.5824007695562678E-003  -2.1874762282804689E-007
   2.6500000000000004       0.15000000000000002        1.5820922276254439E-003  -2.1694712923861054E-007
   2.7500000000000000       0.15000000000000002        1.5817838013265206E-003  -2.1425535084476177E-007
   2.8500000000000001       0.15000000000000002        1.5814768722833580E-003  -2.1068345389221568E-007
   2.9500000000000002       0.15000000000000002        1.5811728510838141E-003  -2.0624625329692051E-007
   3.0500000000000003       0.15000000000000002        1.5808731690432009E-003  -2.0096216747948766E-007
   3.1500000000000004       0.15000000000000002        1.5805792693519465E-003  -1.9485316482653453E-007
   3.2500000000000000       0.15000000000000002        1.5802925976942598E-003  -1.8794470570704164E-007
   3.3500000000000001       0.15000000000000002        1.5800145924351034E-003  -1.8026568626345947E-007
   3.4500000000000002       0.15000000000000002        1.5797466744819897E-003  -1.7184839434241076E-007
   3.5500000000000003       0.15000000000000002        1.5794902369351293E-003  -1.6272849511462933E-007
   3.6500000000000004       0.15000000000000002        1.5792466346432913E-003  -1.5294507727913218E-007
   3.7500000000000000       0.15000000000000002        1.5790171737797276E-003  -1.4254081523044076E-007
   3.8500000000000001       0.15000000000000002        1.5788031015333932E-003  -1.3156234881948303E-007
   3.9500000000000002       0.15000000000000002        1.5786055959496315E-003  -1.2006106951549545E-007
   4.0499999999999998       0.15000000000000002        1.5784257557795681E-003  -1.0809466493813183E-007
   4.1500000000000004       0.15000000000000002        1.5782645897089143E-003  -9.5730064177223385E-008
   4.2500000000000000       0.15000000000000002        1.5781230029923653E-003  -8.3048865855723285E-008
   4.3500000000000005       0.15000000000000002        1.5780017759454662E-003  -7.0156603330923358E-008
   4.4500000000000002       0.15000000000000002        1.5779015201093341E-003  -5.7195097221769787E-008
   4.5499999999999998       0.15000000000000002        1.5778225826858815E-003  -4.4341377205327845E-008
   4.6500000000000004       0.15000000000000002        1.5777648818836993E-003  -3.1694788423955308E-008
   4.7500000000000000       0.15000000000000002        1.5777280082930490E-003  -1.8571127614481864E-008
   4.8500000000000005       0.15000000000000002        7.8885735958952039E-004   0.0000000000000000     
  -5.0000000000000003E-002  0.25000000000000000        7.9360654922604667E-004   0.0000000000000000     
   5.0000000000000003E-002  0.25000000000000000        1.5872056592802796E-003  -1.0211474355323429E-008
  0.15000000000000002       0.25000000000000000        1.5871825099004716E-003  -2.2031763034056792E-008
  0.25000000000000000       0.25000000000000000        1.5871427177261844E-003  -3.4366746535212555E-008
  0.35000000000000003       0.25000000000000000        1.5870863043330160E-003  -4.6621470771884219E-008
  0.45000000000000001       0.25000000000000000        1.5870135319056341E-003  -5.8588118587284741E-008
  0.55000000000000004       0.25000000000000000        1.5869246649929628E-003  -7.0204523976346836E-008
  0.65000000000000002       0.25000000000000000        1.5868199467830558E-003  -8.1446621997708822E-008
  0.75000000000000000       0.25000000000000000        1.5866996201010402E-003  -9.2293775406960788E-008
  0.85000000000000009       0.25000000000000000        1.5865639474808924E-003  -1.0272091891515527E-007
  0.95000000000000007       0.25000000000000000        1.5864132244356017E-003  -1.1269862472904923E-007
   1.0500000000000000       0.25000000000000000        1.5862477879375883E-003  -1.2219480465992559E-007
   1.1500000000000001       0.25000000000000000        1.5860680222713119E-003  -1.3117631559817542E-007
   1.2500000000000000       0.25000000000000000        1.5858743635210008E-003  -1.3961015255868481E-007
   1.3500000000000001       0.25000000000000000        1.5856673032989908E-003  -1.4746428020671991E-007
   1.4500000000000002       0.25000000000000000        1.5854473919603620E-003  -1.5470820954101771E-007
   1.5500000000000000       0.25000000000000000        1.5852152413719201E-003  -1.6131340648772657E-007
   1.6500000000000001       0.25000000000000000        1.5849715272202181E-003  -1.6725359100170153E-007
   1.7500000000000000       0.25000000000000000        1.5847169908068831E-003  -1.7250496345354201E-007
   1.8500000000000001       0.25000000000000000        1.5844524402658206E-003  -1.7704638093592653E-007
   1.9500000000000002       0.25000000000000000        1.5841787511351069E-003  -1.8085949717725164E-007
   2.0500000000000003       0.25000000000000000        1.5838968662206488E-003  -1.8392887451422973E-007
   2.1499999999999999       0.25000000000000000        1.5836077946966671E-003  -1.8624207312670018E-007
   2.2500000000000000       0.25000000000000000        1.5833126103983470E-003  -1.8778972085812257E-007
   2.3500000000000001       0.25000000000000000        1.5830124492736825E-003  -1.8856556581058470E-007
   2.4500000000000002       0.25000000000000000        1.5827085059743743E-003  -1.8856651322123670E-007
   2.5500000000000003       0.25000000000000000        1.5824020295791147E-003  -1.8779264777240080E-007
   2.6500000000000004       0.25000000000000000        1.5820943184564466E-003  -1.8624724231783563E-007
   2.7500000000000000       0.25000000000000000        1.5817867142885094E-003  -1.8393675398084911E-007
   2.8500000000000001       0.25000000000000000        1.5814805952908734E-003  -1.8087080870984921E-007
   2.9500000000000002       0.25000000000000000        1.5811773686772901E-003  -1.7706217563749089E-007
   3.0500000000000003       0.25000000000000000        1.5808784624312597E-003  -1.7252673307025903E-007
   3.1500000000000004       0.25000000000000000        1.5805853164583895E-003  -1.6728342865587275E-007
   3.2500000000000000       0.25000000000000000        1.5802993732044917E-003  -1.6135423754154841E-007
   3.3500000000000001       0.25000000000000000        1.5800220678336319E-003  -1.5476412427950615E-007
   3.4500000000000002       0.25000000000000000        1.5797548180671653E-003  -1.4754101743121769E-007
   3.5500000000000003       0.25000000000000000        1.5794990137879459E-003  -1.3971581124145061E-007
   3.6500000000000004       0.25000000000000000        1.5792560065106744E-003  -1.3132241736437694E-007
   3.7500000000000000       0.25000000000000000        1.5790270988045437E-003  -1.2239790383726240E-007
   3.8500000000000001       0.25000000000000000        1.5788135337167497E-003  -1.1298277973542421E-007
   3.9500000000000002       0.25000000000000000        1.5786164841618858E-003  -1.0312151178887298E-007
   4.0499999999999998       0.25000000000000000        1.5784370420655692E-003  -9.2863378549457313E-008
   4.1500000000000004       0.25000000000000000        1.5782762066950393E-003  -8.2263712997705910E-008
   4.2500000000000000       0.25000000000000000        1.5781348709610261E-003  -7.1385224046808290E-008
   4.3500000000000005       0.25000000000000000        1.5780138035888709E-003  -6.0297695546752429E-008
   4.4500000000000002       0.25000000000000000        1.5779136252003993E-003  -4.9069892398581525E-008
   4.5499999999999998       0.25000000000000000        1.5778347840908185E-003  -3.7735120984536192E-008
   4.6500000000000004       0.25000000000000000        1.5777775765485108E-003  -2.6185222426201314E-008
   4.7500000000000000       0.25000000000000000        1.5777423788691542E-003  -1.3933055758728180E-008
   4.8500000000000005       0.25000000000000000        7.8886517355132189E-004   0.0000000000000000     
  -5.0000000000000003E-002  0.35000000000000003        7.9360157513742218E-004   0.0000000000000000     
   5.0000000000000003E-002  0.35000000000000003        1.5871953273327583E-003  -9.3028845239679473E-009
  0.15000000000000002       0.35000000000000003        1.5871715974076297E-003  -1.9101027763124158E-008
  0.25000000000000000       0.35000000000000003        1.5871316029897255E-003  -2.9175887476961814E-008
  0.35000000000000003       0.35000000000000003        1.5870752795937892E-003  -3.9262508578006245E-008
  0.45000000000000001       0.35000000000000003        1.5870027431408446E-003  -4.9199451375325683E-008
  0.55000000000000004       0.35000000000000003        1.5869141793286171E-003  -5.8901642324391423E-008
  0.65000000000000002       0.35000000000000003        1.5868098014459773E-003  -6.8320833915447610E-008
  0.75000000000000000       0.35000000000000003        1.5866898443160555E-003  -7.7422965714708980E-008
  0.85000000000000009       0.35000000000000003        1.5865545698994898E-003  -8.6178330044819172E-008
  0.95000000000000007       0.35000000000000003        1.5864042747391572E-003  -9.4558124933854610E-008
   1.0500000000000000       0.35000000000000003        1.5862392965459555E-003  -1.0253365141841461E-007
   1.1500000000000001       0.35000000000000003        1.5860600196284757E-003  -1.1007644600885353E-007
   1.2500000000000000       0.35000000000000003        1.5858668794175024E-003  -1.1715866675457086E-007
   1.3500000000000001       0.35000000000000003        1.5856603663315142E-003  -1.2375349338093043E-007
   1.4500000000000002       0.35000000000000003        1.5854410291209469E-003  -1.2983547295404795E-007
   1.5500000000000000       0.35000000000000003        1.5852094777367930E-003  -1.3538080218569517E-007
   1.6500000000000001       0.35000000000000003        1.5849663857108503E-003  -1.4036755461049241E-007
   1.7500000000000000       0.35000000000000003        1.5847124920030809E-003  -1.4477586362029496E-007
   1.8500000000000001       0.35000000000000003        1.5844486022572853E-003  -1.4858807068591828E-007
   1.9500000000000002       0.35000000000000003        1.5841755894024840E-003  -1.5178884576588987E-007
   2.0500000000000003       0.35000000000000003        1.5838943935402297E-003  -1.5436528498791130E-007
   2.1499999999999999       0.35000000000000003        1.5836060210649449E-003  -1.5630698908763894E-007
   2.2500000000000000       0.35000000000000003        1.5833115429738094E-003  -1.5760612515963018E-007
   2.3500000000000001       0.35000000000000003        1.5830120923340774E-003  -1.5825747349253397E-007
   2.4500000000000002       0.35000000000000003        1.5827088608881118E-003  -1.5825846086686597E-007
   2.5500000000000003       0.35000000000000003        1.5824030947896917E-003  -1.5760918140673523E-007
   2.6500000000000004       0.35000000000000003        1.5820960894789371E-003  -1.5631240594841630E-007
   2.7500000000000000       0.35000000000000003        1.5817891837170406E-003  -1.5437358087572091E-007
   2.8500000000000001       0.35000000000000003        1.5814837528158642E-003  -1.5180081749584983E-007
   2.9500000000000002       0.35000000000000003        1.5811812011109194E-003  -1.4860487319939194E-007
   3.0500000000000003       0.35000000000000003        1.5808829537390153E-003  -1.4479912600839659E-007
   3.1500000000000004       0.35000000000000003        1.5805904477937489E-003  -1.4039954469102568E-007
   3.2500000000000000       0.35000000000000003        1.5803051229424350E-003  -1.3542465729276750E-007
   3.3500000000000001       0.35000000000000003        1.5800284115966327E-003  -1.2989552214703507E-007
   3.4500000000000002       0.35000000000000003        1.5797617287341705E-003  -1.2383570689559201E-007
   3.5500000000000003       0.35000000000000003        1.5795064614721776E-003  -1.1727128310351241E-007
   3.6500000000000004       0.35000000000000003        1.5792639584856381E-003  -1.1023084642656909E-007
   3.7500000000000000       0.35000000000000003        1.5790355193503912E-003  -1.0274557386701620E-007
   3.8500000000000001       0.35000000000000003        1.5788223838567072E-003  -9.4849327115245172E-008
   3.9500000000000002       0.35000000000000003        1.5786257212804611E-003  -8.6578793976090408E-008
   4.0499999999999998       0.35000000000000003        1.5784466195065334E-003  -7.7973601310370450E-008
   4.1500000000000004       0.35000000000000003        1.5782860737902802E-003  -6.9076164479351749E-008
   4.2500000000000000       0.35000000000000003        1.5781449749355330E-003  -5.9930603651317619E-008
   4.3500000000000005       0.35000000000000003        1.5780240972018539E-003  -5.0579047042786921E-008
   4.4500000000000002       0.35000000000000003        1.5779240886078317E-003  -4.1051643375646385E-008
   4.5499999999999998       0.35000000000000003        1.5778454732791613E-003  -3.1343982459348297E-008
   4.6500000000000004       0.35000000000000003        1.5777886898716723E-003  -2.1377918080051431E-008
   4.7500000000000000       0.35000000000000003        1.5777541981905640E-003  -1.0974622528101171E-008
   4.8500000000000005       0.35000000000000003        7.8887129435913962E-004   0.0000000000000000     
  -5.0000000000000003E-002  0.45000000000000001        7.9359724714586275E-004   0.0000000000000000     
   5.0000000000000003E-002  0.45000000000000001        1.5871865590572083E-003  -7.8982318250030247E-009
  0.15000000000000002       0.45000000000000001        1.5871626368981512E-003  -1.5893575606924743E-008
  0.25000000000000000       0.45000000000000001        1.5871225562459313E-003  -2.3973266516603850E-008
  0.35000000000000003       0.45000000000000001        1.5870662807696777E-003  -3.2053223973361020E-008
  0.45000000000000001       0.45000000000000001        1.5869938927724468E-003  -4.0045535085820658E-008
  0.55000000000000004       0.45000000000000001        1.5869055436109800E-003  -4.7881758874214473E-008
  0.65000000000000002       0.45000000000000001        1.5868014254602208E-003  -5.5512104209126520E-008
  0.75000000000000000       0.45000000000000001        1.5866817626054644E-003  -6.2898921793621979E-008
  0.85000000000000009       0.45000000000000001        1.5865468123222256E-003  -7.0011308609216718E-008
  0.95000000000000007       0.45000000000000001        1.5863968691147792E-003  -7.6821891185090516E-008
   1.0500000000000000       0.45000000000000001        1.5862322696170628E-003  -8.3305227350812426E-008
   1.1500000000000001       0.45000000000000001        1.5860533972565235E-003  -8.9437147132153286E-008
   1.2500000000000000       0.45000000000000001        1.5858606864741754E-003  -9.5194571512659947E-008
   1.3500000000000001       0.45000000000000001        1.5856546264933365E-003  -1.0055554958661426E-007
   1.4500000000000002       0.45000000000000001        1.5854357646521017E-003  -1.0549938221047303E-007
   1.5500000000000000       0.45000000000000001        1.5852047092908071E-003  -1.1000676968642659E-007
   1.6500000000000001       0.45000000000000001        1.5849621321593255E-003  -1.1405995610622900E-007
   1.7500000000000000       0.45000000000000001        1.5847087702913487E-003  -1.1764285968144179E-007
   1.8500000000000001       0.45000000000000001        1.5844454272842155E-003  -1.2074118582762834E-007
   1.9500000000000002       0.45000000000000001        1.5841729739213448E-003  -1.2334252308651858E-007
   2.0500000000000003       0.45000000000000001        1.5838923480778659E-003  -1.2543642292343930E-007
   2.1499999999999999       0.45000000000000001        1.5836045538570338E-003  -1.2701446490109175E-007
   2.2500000000000000       0.45000000000000001        1.5833106599144799E-003  -1.2807030852892857E-007
   2.3500000000000001       0.45000000000000001        1.5830117969385126E-003  -1.2859973299079136E-007
   2.4500000000000002       0.45000000000000001        1.5827091542669975E-003  -1.2860066577121021E-007
   2.5500000000000003       0.45000000000000001        1.5824039756345703E-003  -1.2807320107594151E-007
   2.6500000000000004       0.45000000000000001        1.5820975540575149E-003  -1.2701960888215497E-007
   2.7500000000000000       0.45000000000000001        1.5817912258774994E-003  -1.2544433547897002E-007
   2.8500000000000001       0.45000000000000001        1.5814863639990872E-003  -1.2335399638145130E-007
   2.9500000000000002       0.45000000000000001        1.5811843703693149E-003  -1.2075736267124734E-007
   3.0500000000000003       0.45000000000000001        1.5808866677603057E-003  -1.1766534200950044E-007
   3.1500000000000004       0.45000000000000001        1.5805946909276435E-003  -1.1409095573085310E-007
   3.2500000000000000       0.45000000000000001        1.5803098772275747E-003  -1.1004931378218977E-007
   3.3500000000000001       0.45000000000000001        1.5800336567845688E-003  -1.0555758926826509E-007
   3.4500000000000002       0.45000000000000001        1.5797674423067493E-003  -1.0063499428115713E-007
   3.5500000000000003       0.45000000000000001        1.5795126186489560E-003  -9.5302757552883361E-008
   3.6500000000000004       0.45000000000000001        1.5792705322204531E-003  -8.9584101475039634E-008
   3.7500000000000000       0.45000000000000001        1.5790424803243984E-003  -8.3504208681145281E-008
   3.8500000000000001       0.45000000000000001        1.5788297004971847E-003  -7.7090152038062517E-008
   3.9500000000000002       0.45000000000000001        1.5786333598882360E-003  -7.0370727488115485E-008
   4.0499999999999998       0.45000000000000001        1.5784545446956128E-003  -6.3376060749838528E-008
   4.1500000000000004       0.45000000000000001        1.5782942496932462E-003  -5.6136733249814811E-008
   4.2500000000000000       0.45000000000000001        1.5781533680790118E-003  -4.8681973170296206E-008
   4.3500000000000005       0.45000000000000001        1.5780326825496974E-003  -4.1036240623034404E-008
   4.4500000000000002       0.45000000000000001        1.5779328602655348E-003  -3.3213647567742572E-008
   4.5499999999999998       0.45000000000000001        1.5778544578166681E-003  -2.5211244338167483E-008
   4.6500000000000004       0.45000000000000001        1.5777979459089164E-003  -1.7007842770531378E-008
   4.7500000000000000       0.45000000000000001        1.5777637558446367E-003  -8.5865722496006781E-009
   4.8500000000000005       0.45000000000000001        7.8887614723105557E-004   0.0000000000000000     
  -5.0000000000000003E-002  0.55000000000000004        7.9359367753462908E-004   0.0000000000000000     
   5.0000000000000003E-002  0.55000000000000004        1.5871794343861355E-003  -6.3958382517425846E-009
  0.15000000000000002       0.55000000000000004        1.5871555223727937E-003  -1.2601776614868554E-008
  0.25000000000000000       0.55000000000000004        1.5871154433411661E-003  -1.8770379525223406E-008
  0.35000000000000003       0.55000000000000004        1.5870592073250283E-003  -2.4931586423796307E-008
  0.45000000000000001       0.55000000000000004        1.5869869146057534E-003  -3.1047707048796427E-008
  0.55000000000000004       0.55000000000000004        1.5868987127593049E-003  -3.7067755033724428E-008
  0.65000000000000002       0.55000000000000004        1.5867947842828705E-003  -4.2946903666772993E-008
  0.75000000000000000       0.55000000000000004        1.5866753451114696E-003  -4.8649310339552242E-008
  0.85000000000000009       0.55000000000000004        1.5865406469299142E-003  -5.4146093422364622E-008
  0.95000000000000007       0.55000000000000004        1.5863909808202332E-003  -5.9412906204213305E-008
   1.0500000000000000       0.55000000000000004        1.5862266812898269E-003  -6.4428222388546915E-008
   1.1500000000000001       0.55000000000000004        1.5860481302841334E-003  -6.9172346789514133E-008
   1.2500000000000000       0.55000000000000004        1.5858557610148689E-003  -7.3626926134919350E-008
   1.3500000000000001       0.55000000000000004        1.5856500615206387E-003  -7.7774755261501284E-008
   1.4500000000000002       0.55000000000000004        1.5854315779006702E-003  -8.1599741118103620E-008
   1.5500000000000000       0.55000000000000004        1.5852009171627218E-003  -8.5086943242823532E-008
   1.6500000000000001       0.55000000000000004        1.5849587496206802E-003  -8.8222645977081930E-008
   1.7500000000000000       0.55000000000000004        1.5847058107731848E-003  -9.0994439219580909E-008
   1.8500000000000001       0.55000000000000004        1.5844429025937065E-003  -9.3391296452465169E-008
   1.9500000000000002       0.55000000000000004        1.5841708941652149E-003  -9.5403644957462993E-008
   2.0500000000000003       0.55000000000000004        1.5838907215982429E-003  -9.7023426377810991E-008
   2.1499999999999999       0.55000000000000004        1.5836033871791675E-003  -9.8244147241797288E-008
   2.2500000000000000       0.55000000000000004        1.5833099577055477E-003  -9.9060919736144344E-008
   2.3500000000000001       0.55000000000000004        1.5830115619766638E-003  -9.9470493311868589E-008
   2.4500000000000002       0.55000000000000004        1.5827093874198549E-003  -9.9471277728603782E-008
   2.5500000000000003       0.55000000000000004        1.5824046758464089E-003  -9.9063358208193002E-008
   2.6500000000000004       0.55000000000000004        1.5820987183443624E-003  -9.8248503336605314E-008
   2.7500000000000000       0.55000000000000004        1.5817928493293693E-003  -9.7030166377061278E-008
   2.8500000000000001       0.55000000000000004        1.5814884397884999E-003  -9.5413480697794493E-008
   2.9500000000000002       0.55000000000000004        1.5811868897651193E-003  -9.3405250079839541E-008
   3.0500000000000003       0.55000000000000004        1.5808896201457826E-003  -9.1013934691019215E-008
   3.1500000000000004       0.55000000000000004        1.5805980638218023E-003  -8.8249633519900741E-008
   3.2500000000000000       0.55000000000000004        1.5803136563087227E-003  -8.5124063844194161E-008
   3.3500000000000001       0.55000000000000004        1.5800378259159581E-003  -8.1650537717050007E-008
   3.4500000000000002       0.55000000000000004        1.5797719835657100E-003  -7.7843934027287951E-008
   3.5500000000000003       0.55000000000000004        1.5795175123648069E-003  -7.3720661650922311E-008
   3.6500000000000004       0.55000000000000004        1.5792757570343319E-003  -6.9298603135732245E-008
   3.7500000000000000       0.55000000000000004        1.5790480132996487E-003  -6.4597016753883051E-008
   3.8500000000000001       0.55000000000000004        1.5788355173377198E-003  -5.9636353711749320E-008
   3.9500000000000002       0.55000000000000004        1.5786394353715675E-003  -5.4437911391009151E-008
   4.0499999999999998       0.55000000000000004        1.5784608535005884E-003  -4.9023188439100380E-008
   4.1500000000000004       0.55000000000000004        1.5783007678776750E-003  -4.3412741307610146E-008
   4.2500000000000000       0.55000000000000004        1.5781600754279741E-003  -3.7624321024435160E-008
   4.3500000000000005       0.55000000000000004        1.5780395655272694E-003  -3.1670299684998335E-008
   4.4500000000000002       0.55000000000000004        1.5779399136039277E-003  -2.5555465969013903E-008
   4.5499999999999998       0.55000000000000004        1.5778616790837680E-003  -1.9279507613889289E-008
   4.6500000000000004       0.55000000000000004        1.5778053145435139E-003  -1.2855638414925245E-008
   4.7500000000000000       0.55000000000000004        1.5777712053464670E-003  -6.3631381672836517E-009
   4.8500000000000005       0.55000000000000004        7.8887988024467287E-004   0.0000000000000000     
  -5.0000000000000003E-002  0.65000000000000002        7.9359085096053592E-004   0.0000000000000000     
   5.0000000000000003E-002  0.65000000000000002        1.5871739561402740E-003  -5.0828988967346309E-009
  0.15000000000000002       0.65000000000000002        1.5871502607704097E-003  -9.3473141069811332E-009
  0.25000000000000000       0.65000000000000002        1.5871102248497489E-003  -1.3574890175309207E-008
  0.35000000000000003       0.65000000000000002        1.5870540018559525E-003  -1.7855037384375520E-008
  0.45000000000000001       0.65000000000000002        1.5869817550178533E-003  -2.2145954545202528E-008
  0.55000000000000004       0.65000000000000002        1.5868936428286421E-003  -2.6394654154280425E-008
  0.65000000000000002       0.65000000000000002        1.5867898423195033E-003  -3.0558449497248166E-008
  0.75000000000000000       0.65000000000000002        1.5866705618306492E-003  -3.4605327747119084E-008
  0.85000000000000009       0.65000000000000002        1.5865360471416946E-003  -3.8510854776678781E-008
  0.95000000000000007       0.65000000000000002        1.5863865854015796E-003  -4.2255425100092801E-008
   1.0500000000000000       0.65000000000000002        1.5862225085927165E-003  -4.5822417637069033E-008
   1.1500000000000001       0.65000000000000002        1.5860441969695245E-003  -4.9197101144277342E-008
   1.2500000000000000       0.65000000000000002        1.5858520824829931E-003  -5.2366041936452849E-008
   1.3500000000000001       0.65000000000000002        1.5856466520962175E-003  -5.5316816556688376E-008
   1.4500000000000002       0.65000000000000002        1.5854284508825889E-003  -5.8037897568281667E-008
   1.5500000000000000       0.65000000000000002        1.5851980848050485E-003  -6.0518631526883397E-008
   1.6500000000000001       0.65000000000000002        1.5849562230831060E-003  -6.2749262240446051E-008
   1.7500000000000000       0.65000000000000002        1.5847036000613090E-003  -6.4720973278143487E-008
   1.8500000000000001       0.65000000000000002        1.5844410164996109E-003  -6.6425935934519716E-008
   1.9500000000000002       0.65000000000000002        1.5841693402132667E-003  -6.7857355659452896E-008
   2.0500000000000003       0.65000000000000002        1.5838895059981564E-003  -6.9009513734923042E-008
   2.1499999999999999       0.65000000000000002        1.5836025147869879E-003  -6.9877802849504479E-008
   2.2500000000000000       0.65000000000000002        1.5833094319924678E-003  -7.0458756255333024E-008
   2.3500000000000001       0.65000000000000002        1.5830113850053278E-003  -7.0750070592178770E-008
   2.4500000000000002       0.65000000000000002        1.5827095598276591E-003  -7.0750622723503781E-008
   2.5500000000000003       0.65000000000000002        1.5824051968352693E-003  -7.0460480966273975E-008
   2.6500000000000004       0.65000000000000002        1.5820995856763967E-003  -6.9880911179511967E-008
   2.7500000000000000       0.65000000000000002        1.5817940593279250E-003  -6.9014378149800271E-008
   2.8500000000000001       0.65000000000000002        1.5814899873438965E-003  -6.7864542780707209E-008
   2.9500000000000002       0.65000000000000002        1.5811887683445448E-003  -6.6436255554237426E-008
   3.0500000000000003       0.65000000000000002        1.5808918218067826E-003  -6.4735546699099410E-008
   3.1500000000000004       0.65000000000000002        1.5806005792290817E-003  -6.2769613376098032E-008
   3.2500000000000000       0.65000000000000002        1.5803164747546206E-003  -6.0546803699668438E-008
   3.3500000000000001       0.65000000000000002        1.5800409353462553E-003  -5.8076596601917271E-008
   3.4500000000000002       0.65000000000000002        1.5797753706152840E-003  -5.5369574610422494E-008
   3.5500000000000003       0.65000000000000002        1.5795211624128848E-003  -5.2437383063143958E-008
   3.6500000000000004       0.65000000000000002        1.5792796542989228E-003  -4.9292662611036950E-008
   3.7500000000000000       0.65000000000000002        1.5790521410078962E-003  -4.5948929958592584E-008
   3.8500000000000001       0.65000000000000002        1.5788398580370861E-003  -4.2420361420772727E-008
   3.9500000000000002       0.65000000000000002        1.5786439714884726E-003  -3.8721400734306932E-008
   4.0499999999999998       0.65000000000000002        1.5784655683010449E-003  -3.4866062955792285E-008
   4.1500000000000004       0.65000000000000002        1.5783056469963531E-003  -3.0866742803359973E-008
   4.2500000000000000       0.65000000000000002        1.5781651089566261E-003  -2.6732287676442103E-008
   4.3500000000000005       0.65000000000000002        1.5780447498409988E-003  -2.2465186163220621E-008
   4.4500000000000002       0.65000000000000002        1.5779452494940609E-003  -1.8058421208902618E-008
   4.5499999999999998       0.65000000000000002        1.5778671560808396E-003  -1.3495690982736290E-008
   4.6500000000000004       0.65000000000000002        1.5778108607150659E-003  -8.7720712910299330E-009
   4.7500000000000000       0.65000000000000002        1.5777766094761036E-003  -4.0099014359985653E-009
   4.8500000000000005       0.65000000000000002        7.8888250914391537E-004   0.0000000000000000     
  -5.0000000000000003E-002  0.75000000000000000        7.9358383255368706E-004   0.0000000000000000     
   5.0000000000000003E-002  0.75000000000000000        1.5871605615764295E-003  -4.5871125550321436E-009
  0.15000000000000002       0.75000000000000000        1.5871375038425772E-003  -6.1299805992612356E-009
  0.25000000000000000       0.75000000000000000        1.5870974097980483E-003  -8.3272632048289467E-009
  0.35000000000000003       0.75000000000000000        1.5870411114435534E-003  -1.0768293764840170E-008
  0.45000000000000001       0.75000000000000000        1.5869688514540221E-003  -1.3287134545081765E-008
  0.55000000000000004       0.75000000000000000        1.5868807782856776E-003  -1.5807309281321539E-008
  0.65000000000000002       0.75000000000000000        1.5867770534546367E-003  -1.8287897564769675E-008
  0.75000000000000000       0.75000000000000000        1.5866578746358384E-003  -2.0703811074968246E-008
  0.85000000000000009       0.75000000000000000        1.5865234810981904E-003  -2.3037812658339498E-008
  0.95000000000000007       0.75000000000000000        1.5863741561010780E-003  -2.5276881846785164E-008
   1.0500000000000000       0.75000000000000000        1.5862102292670676E-003  -2.7410396819437847E-008
   1.1500000000000001       0.75000000000000000        1.5860320793426586E-003  -2.9429182116763072E-008
   1.2500000000000000       0.75000000000000000        1.5858401372193334E-003  -3.1325010500898724E-008
   1.3500000000000001       0.75000000000000000        1.5856348890161498E-003  -3.3090354025307162E-008
   1.4500000000000002       0.75000000000000000        1.5854168790482254E-003  -3.4718272486155534E-008
   1.5500000000000000       0.75000000000000000        1.5851867125372355E-003  -3.6202375828897845E-008
   1.6500000000000001       0.75000000000000000        1.5849450579445365E-003  -3.7536824468535352E-008
   1.7500000000000000       0.75000000000000000        1.5846926488251487E-003  -3.8716347374507136E-008
   1.8500000000000001       0.75000000000000000        1.5844302851139799E-003  -3.9736266924823081E-008
   1.9500000000000002       0.75000000000000000        1.5841588337668505E-003  -4.0592524820908068E-008
   2.0500000000000003       0.75000000000000000        1.5838792286894810E-003  -4.1281706176418273E-008
   2.1499999999999999       0.75000000000000000        1.5835924698983678E-003  -4.1801060512632291E-008
   2.2500000000000000       0.75000000000000000        1.5832996218689437E-003  -4.2148519160268207E-008
   2.3500000000000001       0.75000000000000000        1.5830018110385116E-003  -4.2322709009952324E-008
   2.4500000000000002       0.75000000000000000        1.5827002224442551E-003  -4.2322962715679501E-008
   2.5500000000000003       0.75000000000000000        1.5823960954899480E-003  -4.2149325575781674E-008
   2.6500000000000004       0.75000000000000000        1.5820907188486761E-003  -4.1802559328880582E-008
   2.7500000000000000       0.75000000000000000        1.5817854245226842E-003  -4.1284143147284336E-008
   2.8500000000000001       0.75000000000000000        1.5814815810951688E-003  -4.0596272091879572E-008
   2.9500000000000002       0.75000000000000000        1.5811805862222560E-003  -3.9741853284821951E-008
   3.0500000000000003       0.75000000000000000        1.5808838584262463E-003  -3.8724500017119995E-008
   3.1500000000000004       0.75000000000000000        1.5805928282634002E-003  -3.7548523779404471E-008
   3.2500000000000000       0.75000000000000000        1.5803089289508040E-003  -3.6218923911575065E-008
   3.3500000000000001       0.75000000000000000        1.5800335865473211E-003  -3.4741373724754288E-008
   3.4500000000000002       0.75000000000000000        1.5797682097932250E-003  -3.3122200483411584E-008
   3.5500000000000003       0.75000000000000000        1.5795141797223782E-003  -3.1368353840111408E-008
   3.6500000000000004       0.75000000000000000        1.5792728391703947E-003  -2.9487352192115617E-008
   3.7500000000000000       0.75000000000000000        1.5790454823136684E-003  -2.7487187545043172E-008
   3.8500000000000001       0.75000000000000000        1.5788333443896773E-003  -2.5376153957448216E-008
   3.9500000000000002       0.75000000000000000        1.5786375917711528E-003  -2.3162538109620548E-008
   4.0499999999999998       0.75000000000000000        1.5784593125959137E-003  -2.0854063633955790E-008
   4.1500000000000004       0.75000000000000000        1.5782995081749080E-003  -1.8456891027717290E-008
   4.2500000000000000       0.75000000000000000        1.5781590853308435E-003  -1.5973776116837557E-008
   4.3500000000000005       0.75000000000000000        1.5780388492964616E-003  -1.3400471387157995E-008
   4.4500000000000002       0.75000000000000000        1.5779394942841501E-003  -1.0717933783108596E-008
   4.5499999999999998       0.75000000000000000        1.5778615776215954E-003  -7.8732100995470222E-009
   4.6500000000000004       0.75000000000000000        1.5778054132403580E-003  -4.7273530129767234E-009
   4.7500000000000000       0.75000000000000000        1.5777705917311329E-003  -9.0551912292745206E-010
   4.8500000000000005       0.75000000000000000        7.8887919786163325E-004   0.0000000000000000     
  -5.0000000000000003E-002  0.85000000000000009        7.9352019113729624E-004   0.0000000000000000     
   5.0000000000000003E-002  0.85000000000000009        1.5870308753389024E-003  -2.3301722805833309E-009
  0.15000000000000002       0.85000000000000009        1.5870047656688230E-003  -2.2595037163908633E-009
  0.25000000000000000       0.85000000000000009        1.5869638353113642E-003  -2.8383477423223088E-009
  0.35000000000000003       0.85000000000000009        1.5869072964706937E-003  -3.6069988412639918E-009
  0.45000000000000001       0.85000000000000009        1.5868349777951047E-003  -4.4310377784746112E-009
  0.55000000000000004       0.85000000000000009        1.5867469127524363E-003  -5.2643996947317397E-009
  0.65000000000000002       0.85000000000000009        1.5866432269691360E-003  -6.0876509780779329E-009
  0.75000000000000000       0.85000000000000009        1.5865241050793538E-003  -6.8906060382662805E-009
  0.85000000000000009       0.85000000000000009        1.5863897807668940E-003  -7.6668567384347841E-009
  0.95000000000000007       0.85000000000000009        1.5862405345324708E-003  -8.4117831942965300E-009
   1.0500000000000000       0.85000000000000009        1.5860766944756327E-003  -9.1217126420153785E-009
   1.1500000000000001       0.85000000000000009        1.5858986384132646E-003  -9.7935209508391137E-009
   1.2500000000000000       0.85000000000000009        1.5857067966006143E-003  -1.0424433560633239E-008
   1.3500000000000001       0.85000000000000009        1.5855016546600415E-003  -1.1011926791535564E-008
   1.4500000000000002       0.85000000000000009        1.5852837564676819E-003  -1.1553682376929480E-008
   1.5500000000000000       0.85000000000000009        1.5850537068206694E-003  -1.2047570351856952E-008
   1.6500000000000001       0.85000000000000009        1.5848121737483411E-003  -1.2491646636967559E-008
   1.7500000000000000       0.85000000000000009        1.5845598903560805E-003  -1.2884157652749371E-008
   1.8500000000000001       0.85000000000000009        1.5842976561078132E-003  -1.3223547885252044E-008
   1.9500000000000002       0.85000000000000009        1.5840263374666845E-003  -1.3508468120548508E-008
   2.0500000000000003       0.85000000000000009        1.5837468678253743E-003  -1.3737783305290481E-008
   2.1499999999999999       0.85000000000000009        1.5834602466691303E-003  -1.3910579455948673E-008
   2.2500000000000000       0.85000000000000009        1.5831675379263926E-003  -1.4026169433106644E-008
   2.3500000000000001       0.85000000000000009        1.5828698674743014E-003  -1.4084097520319429E-008
   2.4500000000000002       0.85000000000000009        1.5825684197792562E-003  -1.4084142835440513E-008
   2.5500000000000003       0.85000000000000009        1.5822644336661090E-003  -1.4026321637848472E-008
   2.6500000000000004       0.85000000000000009        1.5819591972232672E-003  -1.3910888611130192E-008
   2.7500000000000000       0.85000000000000009        1.5816540418648196E-003  -1.3738337213960354E-008
   2.8500000000000001       0.85000000000000009        1.5813503355845120E-003  -1.3509399175903819E-008
   2.9500000000000002       0.85000000000000009        1.5810494754498266E-003  -1.3225043234621322E-008
   3.0500000000000003       0.85000000000000009        1.5807528793973713E-003  -1.2886473152686107E-008
   3.1500000000000004       0.85000000000000009        1.5804619774030249E-003  -1.2495124997193921E-008
   3.2500000000000000       0.85000000000000009        1.5801782021118527E-003  -1.2052663532394336E-008
   3.3500000000000001       0.85000000000000009        1.5799029790236289E-003  -1.1560977236590044E-008
   3.4500000000000002       0.85000000000000009        1.5796377163402029E-003  -1.1022170941224663E-008
   3.5500000000000003       0.85000000000000009        1.5793837945914967E-003  -1.0438553961325073E-008
   3.6500000000000004       0.85000000000000009        1.5791425561688173E-003  -9.8126197852617453E-009
   3.7500000000000000       0.85000000000000009        1.5789152949096414E-003  -9.1470099303847814E-009
   3.8500000000000001       0.85000000000000009        1.5787032459009698E-003  -8.4444487466959554E-009
   3.9500000000000002       0.85000000000000009        1.5785075757062245E-003  -7.7076250718343230E-009
   4.0499999999999998       0.85000000000000009        1.5783293732890219E-003  -6.9389751287332663E-009
   4.1500000000000004       0.85000000000000009        1.5781696420453005E-003  -6.1402709964293924E-009
   4.2500000000000000       0.85000000000000009        1.5780292936805739E-003  -5.3117800896658151E-009
   4.3500000000000005       0.85000000000000009        1.5779091455770777E-003  -4.4503155214236857E-009
   4.4500000000000002       0.85000000000000009        1.5778099262178386E-003  -3.5439269273568465E-009
   4.5499999999999998       0.85000000000000009        1.5777323036111179E-003  -2.5550959249771098E-009
   4.6500000000000004       0.85000000000000009        1.5776769910837301E-003  -1.3611358115430978E-009
   4.7500000000000000       0.85000000000000009        1.5776451426511445E-003   4.7454014074340014E-010
   4.8500000000000005       0.85000000000000009        7.8881763788999314E-004   0.0000000000000000     
