  -5.0000000000000003E-002  -5.0000000000000003E-002   8.9206179327903218E-004   0.0000000000000000     
   5.0000000000000003E-002  -5.0000000000000003E-002   1.6574719514468020E-003   1.2665678549011897E-004
  0.15000000000000002       -5.0000000000000003E-002   1.4698644945709265E-003   6.0966037189824813E-005
  0.25000000000000000       -5.0000000000000003E-002   1.3863080375024872E-003   2.2615746852717426E-005
  0.35000000000000003       -5.0000000000000003E-002   1.3553069273902730E-003   8.4202327768598204E-006
  0.45000000000000001       -5.0000000000000003E-002   1.3432171800901766E-003   3.7133504371079624E-006
  0.55000000000000004       -5.0000000000000003E-002   1.3375630132788155E-003   1.9928944844519733E-006
  0.65000000000000002       -5.0000000000000003E-002   1.3344171236574825E-003   1.2124552182416886E-006
  0.75000000000000000       -5.0000000000000003E-002   1.3324820258432477E-003   7.8850267713728553E-007
  0.85000000000000009       -5.0000000000000003E-002   1.3312316310766376E-003   5.3306474030756806E-007
  0.95000000000000007       -5.0000000000000003E-002   1.3304037016725484E-003   3.7017501693537109E-007
   1.0500000000000000       -5.0000000000000003E-002   1.3298491034695336E-003   2.6262838897859733E-007
   1.1500000000000001       -5.0000000000000003E-002   1.3294764544661282E-003   1.8983038569772597E-007
   1.2500000000000000       -5.0000000000000003E-002   1.3292272067533767E-003   1.3951527357551932E-007
   1.3500000000000001       -5.0000000000000003E-002   1.3290627255244352E-003   1.0403129480108913E-007
   1.4500000000000002       -5.0000000000000003E-002   1.3289569722407140E-003   7.8451317262719078E-008
   1.5500000000000000       -5.0000000000000003E-002   1.3288921190793633E-003   5.9530588469945029E-008
   1.6500000000000001       -5.0000000000000003E-002   1.3288558129651950E-003   4.5098729345845758E-008
   1.7500000000000000       -5.0000000000000003E-002   1.3288394167327764E-003   3.3689601858009483E-008
   1.8500000000000001       -5.0000000000000003E-002   1.3288368524387924E-003   2.4307960124286083E-008
   1.9500000000000002       -5.0000000000000003E-002   1.3288438279884952E-003   1.6277854770455834E-008
   2.0500000000000003       -5.0000000000000003E-002   1.3288573146258708E-003   9.1414627672025576E-009
   2.1499999999999999       -5.0000000000000003E-002   1.3288751927618431E-003   2.5897778657419773E-009
   2.2500000000000000       -5.0000000000000003E-002   1.3288960136566491E-003  -3.5862797078344212E-009
   2.3500000000000001       -5.0000000000000003E-002   1.3289188433039823E-003  -9.5316856932958133E-009
   2.4500000000000002       -5.0000000000000003E-002   1.3289431672236529E-003  -1.5355033117598850E-008
   2.5500000000000003       -5.0000000000000003E-002   1.3289688434715752E-003  -2.1151744940443282E-008
   2.6500000000000004       -5.0000000000000003E-002   1.3289960976797127E-003  -2.7025645524774408E-008
   2.7500000000000000       -5.0000000000000003E-002   1.3290255594643624E-003  -3.3111504832873468E-008
   2.8500000000000001       -5.0000000000000003E-002   1.3290583449744331E-003  -3.9601330653257787E-008
   2.9500000000000002       -5.0000000000000003E-002   1.3290961965603751E-003  -4.6777799412553653E-008
   3.0500000000000003       -5.0000000000000003E-002   1.3291416985914363E-003  -5.5059440357171134E-008
   3.1500000000000004       -5.0000000000000003E-002   1.3291985998761869E-003  -6.5064346212583688E-008
   3.2500000000000000       -5.0000000000000003E-002   1.3292722904487350E-003  -7.7702907967763807E-008
   3.3500000000000001       -5.0000000000000003E-002   1.3293705080137750E-003  -9.4316573490912685E-008
   3.4500000000000002       -5.0000000000000003E-002   1.3295043950294378E-003  -1.1689128658362922E-007
   3.5500000000000003       -5.0000000000000003E-002   1.3296901063883754E-003  -1.4839590608684759E-007
   3.6500000000000004       -5.0000000000000003E-002   1.3299513103005400E-003  -1.9333792791608377E-007
   3.7500000000000000       -5.0000000000000003E-002   1.3303231964575245E-003  -2.5871564810688965E-007
   3.8500000000000001       -5.0000000000000003E-002   1.3308591608372567E-003  -3.5574289755780344E-007
   3.9500000000000002       -5.0000000000000003E-002   1.3316426028317930E-003  -5.0323653714055695E-007
   4.0499999999999998       -5.0000000000000003E-002   1.3328096548877954E-003  -7.3516103238478140E-007
   4.1500000000000004       -5.0000000000000003E-002   1.3345996339978125E-003  -1.1208049437861425E-006
   4.2500000000000000       -5.0000000000000003E-002   1.3374924912219514E-003  -1.8316013504872095E-006
   4.3500000000000005       -5.0000000000000003E-002   1.3426730511080015E-003  -3.4010958958514324E-006
   4.4500000000000002       -5.0000000000000003E-002   1.3537465517034269E-003  -7.7162776147385132E-006
   4.5499999999999998       -5.0000000000000003E-002   1.3822878228170105E-003  -2.0859884374892333E-005
   4.6500000000000004       -5.0000000000000003E-002   1.4599144685996501E-003  -5.6792099544018144E-005
   4.7500000000000000       -5.0000000000000003E-002   1.6358946048508388E-003  -1.1920340753638550E-004
   4.8500000000000005       -5.0000000000000003E-002   8.7754643030775058E-004   0.0000000000000000     
  -5.0000000000000003E-002   5.0000000000000003E-002   2.6994031441689450E-003   0.0000000000000000     
   5.0000000000000003E-002   5.0000000000000003E-002   5.3895228823588022E-003   2.6260212733429243E-004
  0.15000000000000002        5.0000000000000003E-002   5.3492760458361153E-003   1.5290572034073837E-004
  0.25000000000000000        5.0000000000000003E-002   5.2944983710829403E-003   6.9060849452480042E-005
  0.35000000000000003        5.0000000000000003E-002   5.2563099641212020E-003   3.1234386259433346E-005
  0.45000000000000001        5.0000000000000003E-002   5.2336144936586089E-003   1.5772086511859499E-005
  0.55000000000000004        5.0000000000000003E-002   5.2203745099393337E-003   8.9324651213974368E-006
  0.65000000000000002        5.0000000000000003E-002   5.2124299674394872E-003   5.4822368202996565E-006
  0.75000000000000000        5.0000000000000003E-002   5.2074711121819807E-003   3.5443942593841328E-006
  0.85000000000000009        5.0000000000000003E-002   5.2042678391819239E-003   2.3731861726789996E-006
  0.95000000000000007        5.0000000000000003E-002   5.2021467374725149E-003   1.6297053475402068E-006
   1.0500000000000000        5.0000000000000003E-002   5.2007193408102840E-003   1.1415032704124873E-006
   1.1500000000000001        5.0000000000000003E-002   5.1997495846516847E-003   8.1298014861917830E-007
   1.2500000000000000        5.0000000000000003E-002   5.1990877226538359E-003   5.8767105390320439E-007
   1.3500000000000001        5.0000000000000003E-002   5.1986355863668935E-003   4.3062364962553555E-007
   1.4500000000000002        5.0000000000000003E-002   5.1983272229773544E-003   3.1943423456120576E-007
   1.5500000000000000        5.0000000000000003E-002   5.1981175142898220E-003   2.3936695372576823E-007
   1.6500000000000001        5.0000000000000003E-002   5.1979751838348307E-003   1.8054528907773075E-007
   1.7500000000000000        5.0000000000000003E-002   5.1978783467335910E-003   1.3626052636515138E-007
   1.8500000000000001        5.0000000000000003E-002   5.1978116011880153E-003   1.0191336942758678E-007
   1.9500000000000002        5.0000000000000003E-002   5.1977640907670594E-003   7.4330010092812392E-008
   2.0500000000000003        5.0000000000000003E-002   5.1977281977661181E-003   5.1307551527500817E-008
   2.1499999999999999        5.0000000000000003E-002   5.1976986583286153E-003   3.1303721518463058E-008
   2.2500000000000000        5.0000000000000003E-002   5.1976719671483276E-003   1.3218833073161318E-008
   2.3500000000000001        5.0000000000000003E-002   5.1976459873576729E-003  -3.7632986755758798E-009
   2.4500000000000002        5.0000000000000003E-002   5.1976197123431763E-003  -2.0297923270989553E-008
   2.5500000000000003        5.0000000000000003E-002   5.1975931478161538E-003  -3.6981627941723743E-008
   2.6500000000000004        5.0000000000000003E-002   5.1975672987667632E-003  -5.4447270347194217E-008
   2.7500000000000000        5.0000000000000003E-002   5.1975442597848075E-003  -7.3463391230631391E-008
   2.8500000000000001        5.0000000000000003E-002   5.1975274208741762E-003  -9.5050664712217748E-008
   2.9500000000000002        5.0000000000000003E-002   5.1975218165121141E-003  -1.2063074122798840E-007
   3.0500000000000003        5.0000000000000003E-002   5.1975346660155996E-003  -1.5222840840427766E-007
   3.1500000000000004        5.0000000000000003E-002   5.1975761822614496E-003  -1.9275786514847399E-007
   3.2500000000000000        5.0000000000000003E-002   5.1976607700492368E-003  -2.4644106099672856E-007
   3.3500000000000001        5.0000000000000003E-002   5.1978088066217346E-003  -3.1943633565762600E-007
   3.4500000000000002        5.0000000000000003E-002   5.1980493171495399E-003  -4.2081069889754598E-007
   3.5500000000000003        5.0000000000000003E-002   5.1984240710485222E-003  -5.6409335965779612E-007
   3.6500000000000004        5.0000000000000003E-002   5.1989940216044675E-003  -7.6985472591263852E-007
   3.7500000000000000        5.0000000000000003E-002   5.1998497893986050E-003  -1.0701875793584496E-006
   3.8500000000000001        5.0000000000000003E-002   5.2011295006255034E-003  -1.5169348460983035E-006
   3.9500000000000002        5.0000000000000003E-002   5.2030507970327114E-003  -2.1978578141724803E-006
   4.0499999999999998        5.0000000000000003E-002   5.2059717338279457E-003  -3.2712195802743641E-006
   4.1500000000000004        5.0000000000000003E-002   5.2105129488242844E-003  -5.0479141851999401E-006
   4.2500000000000000        5.0000000000000003E-002   5.2178082232801400E-003  -8.2117218847944693E-006
   4.3500000000000005        5.0000000000000003E-002   5.2299861355651414E-003  -1.4483722214171180E-005
   4.4500000000000002        5.0000000000000003E-002   5.2508697011145848E-003  -2.8678463238795642E-005
   4.5499999999999998        5.0000000000000003E-002   5.2859483205522154E-003  -6.3587371028041501E-005
   4.6500000000000004        5.0000000000000003E-002   5.3360323466601581E-003  -1.4182596103503700E-004
   4.7500000000000000        5.0000000000000003E-002   5.3719622334836405E-003  -2.4611031076696816E-004
   4.8500000000000005        5.0000000000000003E-002   2.6898302887049834E-003   0.0000000000000000     
  -5.0000000000000003E-002  0.15000000000000002        3.3646373703938720E-003   0.0000000000000000     
   5.0000000000000003E-002  0.15000000000000002        6.7790735755374866E-003   2.2209699930930970E-004
  0.15000000000000002       0.15000000000000002        6.8483760408096957E-003   1.6438595118842354E-004
  0.25000000000000000       0.15000000000000002        6.8685421834443709E-003   9.2242804612310632E-005
  0.35000000000000003       0.15000000000000002        6.8646054344906901E-003   5.0247325968271013E-005
  0.45000000000000001       0.15000000000000002        6.8554393268058312E-003   2.8708396675810678E-005
  0.55000000000000004       0.15000000000000002        6.8474282896503723E-003   1.7351331930930310E-005
  0.65000000000000002       0.15000000000000002        6.8415699936167241E-003   1.0985128568120523E-005
  0.75000000000000000       0.15000000000000002        6.8374981718064857E-003   7.2038995878184024E-006
  0.85000000000000009       0.15000000000000002        6.8347079381000288E-003   4.8495326862848861E-006
  0.95000000000000007       0.15000000000000002        6.8328034848803036E-003   3.3295342936208275E-006
   1.0500000000000000       0.15000000000000002        6.8315077280009882E-003   2.3212380892062240E-006
   1.1500000000000001       0.15000000000000002        6.8306316902604462E-003   1.6386585853474791E-006
   1.2500000000000000       0.15000000000000002        6.8300464286233610E-003   1.1693119583756027E-006
   1.3500000000000001       0.15000000000000002        6.8296632122764774E-003   8.4246587352973976E-007
   1.4500000000000002       0.15000000000000002        6.8294203649248630E-003   6.1226122967204421E-007
   1.5500000000000000       0.15000000000000002        6.8292746104650507E-003   4.4826042433747399E-007
   1.6500000000000001       0.15000000000000002        6.8291953368412430E-003   3.2990214539873113E-007
   1.7500000000000000       0.15000000000000002        6.8291607485356058E-003   2.4311312917024328E-007
   1.8500000000000001       0.15000000000000002        6.8291552568042150E-003   1.7816445048300635E-007
   1.9500000000000002       0.15000000000000002        6.8291676945175074E-003   1.2827425511767331E-007
   2.0500000000000003       0.15000000000000002        6.8291900896715442E-003   8.8672972589290556E-008
   2.1499999999999999       0.15000000000000002        6.8292168238520161E-003   5.5962241659378789E-008
   2.2500000000000000       0.15000000000000002        6.8292440610416448E-003   2.7663043207084158E-008
   2.3500000000000001       0.15000000000000002        6.8292693711944664E-003   1.8854700491801760E-009
   2.4500000000000002       0.15000000000000002        6.8292914997663320E-003  -2.2925846648834322E-008
   2.5500000000000003       0.15000000000000002        6.8293102537160819E-003  -4.8204162758795981E-008
   2.6500000000000004       0.15000000000000002        6.8293264895269426E-003  -7.5457813460728255E-008
   2.7500000000000000       0.15000000000000002        6.8293422017955832E-003  -1.0647679542302092E-007
   2.8500000000000001       0.15000000000000002        6.8293607237452560E-003  -1.4357485817424370E-007
   2.9500000000000002       0.15000000000000002        6.8293870654574929E-003  -1.8989887405307288E-007
   3.0500000000000003       0.15000000000000002        6.8294284338364705E-003  -2.4984844524601214E-007
   3.1500000000000004       0.15000000000000002        6.8294950032782627E-003  -3.2966837342877336E-007
   3.2500000000000000       0.15000000000000002        6.8296010421979633E-003  -4.3831046375794880E-007
   3.3500000000000001       0.15000000000000002        6.8297665551953664E-003  -5.8872016498039506E-007
   3.4500000000000002       0.15000000000000002        6.8300196857457298E-003  -7.9980945776274518E-007
   3.5500000000000003       0.15000000000000002        6.8304002600807802E-003  -1.0995743182618171E-006
   3.6500000000000004       0.15000000000000002        6.8309650721876999E-003  -1.5301960876022329E-006
   3.7500000000000000       0.15000000000000002        6.8317958591729002E-003  -2.1567356496648227E-006
   3.8500000000000001       0.15000000000000002        6.8330114293593345E-003  -3.0826563394305996E-006
   3.9500000000000002       0.15000000000000002        6.8347859394982504E-003  -4.4790175725580656E-006
   4.0499999999999998       0.15000000000000002        6.8373748001983817E-003  -6.6425481792578545E-006
   4.1500000000000004       0.15000000000000002        6.8411430090854104E-003  -1.0117983049237262E-005
   4.2500000000000000       0.15000000000000002        6.8465566806071776E-003  -1.5969697000883373E-005
   4.3500000000000005       0.15000000000000002        6.8539563853514431E-003  -2.6407638727300539E-005
   4.4500000000000002       0.15000000000000002        6.8624305623340267E-003  -4.6200034986514301E-005
   4.5499999999999998       0.15000000000000002        6.8660653043507167E-003  -8.4848942406010771E-005
   4.6500000000000004       0.15000000000000002        6.8471189086186345E-003  -1.5175269624684193E-004
   4.7500000000000000       0.15000000000000002        6.7816360667207962E-003  -2.0666136210367153E-004
   4.8500000000000005       0.15000000000000002        3.3672392352998232E-003   0.0000000000000000     
  -5.0000000000000003E-002  0.25000000000000000        3.5900677531405427E-003   0.0000000000000000     
   5.0000000000000003E-002  0.25000000000000000        7.2220943794010497E-003   1.3034959217819605E-004
  0.15000000000000002       0.25000000000000000        7.2906570293466300E-003   1.1829897465283154E-004
  0.25000000000000000       0.25000000000000000        7.3276523179828298E-003   8.1219003731200200E-005
  0.35000000000000003       0.25000000000000000        7.3405976916678887E-003   5.2332241023287937E-005
  0.45000000000000001       0.25000000000000000        7.3428673026858246E-003   3.3607649952758570E-005
  0.55000000000000004       0.25000000000000000        7.3415404212507033E-003   2.1894153271693081E-005
  0.65000000000000002       0.25000000000000000        7.3394317296147536E-003   1.4528214839059270E-005
  0.75000000000000000       0.25000000000000000        7.3374868673862182E-003   9.8092172736337589E-006
  0.85000000000000009       0.25000000000000000        7.3359428254607681E-003   6.7208356700971726E-006
  0.95000000000000007       0.25000000000000000        7.3347963925227081E-003   4.6597378946755580E-006
   1.0500000000000000       0.25000000000000000        7.3339780151735860E-003   3.2615788325036963E-006
   1.1500000000000001       0.25000000000000000        7.3334113890915565E-003   2.3006009114190319E-006
   1.2500000000000000       0.25000000000000000        7.3330311030656813E-003   1.6331128915788983E-006
   1.3500000000000001       0.25000000000000000        7.3327857132470878E-003   1.1654014918561882E-006
   1.4500000000000002       0.25000000000000000        7.3326362615222093E-003   8.3508306043839918E-007
   1.5500000000000000       0.25000000000000000        7.3325537698469626E-003   5.9994194670578986E-007
   1.6500000000000001       0.25000000000000000        7.3325168677057274E-003   4.3104254251998117E-007
   1.7500000000000000       0.25000000000000000        7.3325098586003714E-003   3.0835410975084395E-007
   1.8500000000000001       0.25000000000000000        7.3325212412963473E-003   2.1789883622309323E-007
   1.9500000000000002       0.25000000000000000        7.3325426159948559E-003   1.4985001079512115E-007
   2.0500000000000003       0.25000000000000000        7.3325678923806172E-003   9.7237442950725981E-008
   2.1499999999999999       0.25000000000000000        7.3325927265918108E-003   5.5048023182292947E-008
   2.2500000000000000       0.25000000000000000        7.3326141297574221E-003   1.9585618817900141E-008
   2.3500000000000001       0.25000000000000000        7.3326302058109027E-003  -1.1999984258961224E-008
   2.4500000000000002       0.25000000000000000        7.3326399892093127E-003  -4.2077959289009149E-008
   2.5500000000000003       0.25000000000000000        7.3326433639734614E-003  -7.2841784854471374E-008
   2.6500000000000004       0.25000000000000000        7.3326410546765697E-003  -1.0659299339138516E-007
   2.7500000000000000       0.25000000000000000        7.3326346883645496E-003  -1.4603819102931656E-007
   2.8500000000000001       0.25000000000000000        7.3326269346379001E-003  -1.9463618988284356E-007
   2.9500000000000002       0.25000000000000000        7.3326217400048917E-003  -2.5703953163818106E-007
   3.0500000000000003       0.25000000000000000        7.3326246828281285E-003  -3.3968920038858166E-007
   3.1500000000000004       0.25000000000000000        7.3326434872746085E-003  -4.5164627796060656E-007
   3.2500000000000000       0.25000000000000000        7.3326887486684957E-003  -6.0578598231132872E-007
   3.3500000000000001       0.25000000000000000        7.3327749370608710E-003  -8.2054959789365464E-007
   3.4500000000000002       0.25000000000000000        7.3329217551075685E-003  -1.1225700266375360E-006
   3.5500000000000003       0.25000000000000000        7.3331559140612200E-003  -1.5506984131550840E-006
   3.6500000000000004       0.25000000000000000        7.3335133126652529E-003  -2.1623422514180706E-006
   3.7500000000000000       0.25000000000000000        7.3340413361592631E-003  -3.0437345085315543E-006
   3.8500000000000001       0.25000000000000000        7.3348002083307743E-003  -4.3270878819056036E-006
   3.9500000000000002       0.25000000000000000        7.3358601430752015E-003  -6.2201055161328258E-006
   4.0499999999999998       0.25000000000000000        7.3372850765849517E-003  -9.0579452103852556E-006
   4.1500000000000004       0.25000000000000000        7.3390777899357282E-003  -1.3395481745680856E-005
   4.2500000000000000       0.25000000000000000        7.3410199161403986E-003  -2.0167093952258254E-005
   4.3500000000000005       0.25000000000000000        7.3422411413678456E-003  -3.0935446276562072E-005
   4.4500000000000002       0.25000000000000000        7.3401528525442860E-003  -4.8145861265327747E-005
   4.5499999999999998       0.25000000000000000        7.3282403875386364E-003  -7.4695174762069835E-005
   4.6500000000000004       0.25000000000000000        7.2941082801729592E-003  -1.0887863697241668E-004
   4.7500000000000000       0.25000000000000000        7.2304763489363967E-003  -1.2045138984561724E-004
   4.8500000000000005       0.25000000000000000        3.5957068346374934E-003   0.0000000000000000     
  -5.0000000000000003E-002  0.35000000000000003        3.6567060653957990E-003   0.0000000000000000     
   5.0000000000000003E-002  0.35000000000000003        7.3352926538306383E-003   6.6520496753537373E-005
  0.15000000000000002       0.35000000000000003        7.3753835100296185E-003   7.3505295471345411E-005
  0.25000000000000000       0.35000000000000003        7.4040950405471232E-003   6.0356517592266135E-005
  0.35000000000000003       0.35000000000000003        7.4196987937578405E-003   4.4715339142976426E-005
  0.45000000000000001       0.35000000000000003        7.4269615362647290E-003   3.1779869937146376E-005
  0.55000000000000004       0.35000000000000003        7.4298722235251382E-003   2.2242283446216668E-005
  0.65000000000000002       0.35000000000000003        7.4307655870795896E-003   1.5514332639132880E-005
  0.75000000000000000       0.35000000000000003        7.4308246264293424E-003   1.0840642216057035E-005
  0.85000000000000009       0.35000000000000003        7.4305978229167536E-003   7.6026011448083030E-006
  0.95000000000000007       0.35000000000000003        7.4303195200210569E-003   5.3533286187873386E-006
   1.0500000000000000       0.35000000000000003        7.4300783282866814E-003   3.7839672434188112E-006
   1.1500000000000001       0.35000000000000003        7.4298989690326223E-003   2.6838170177065011E-006
   1.2500000000000000       0.35000000000000003        7.4297802289882038E-003   1.9091183860029465E-006
   1.3500000000000001       0.35000000000000003        7.4297118845317736E-003   1.3612605934783588E-006
   1.4500000000000002       0.35000000000000003        7.4296818745716317E-003   9.7214395334754933E-007
   1.5500000000000000       0.35000000000000003        7.4296790720289373E-003   6.9443242970126554E-007
   1.6500000000000001       0.35000000000000003        7.4296941369931925E-003   4.9503533480507748E-007
   1.7500000000000000       0.35000000000000003        7.4297195843134765E-003   3.5070701799100888E-007
   1.8500000000000001       0.35000000000000003        7.4297495706327644E-003   2.4504319809246247E-007
   1.9500000000000002       0.35000000000000003        7.4297796169348106E-003   1.6640716253023251E-007
   2.0500000000000003       0.35000000000000003        7.4298063516634828E-003   1.0648091066871780E-007
   2.1499999999999999       0.35000000000000003        7.4298273018057366E-003   5.9238821241518433E-008
   2.2500000000000000       0.35000000000000003        7.4298407354869587E-003   2.0206670000990593E-008
   2.3500000000000001       0.35000000000000003        7.4298455511590880E-003  -1.4089441458072751E-008
   2.4500000000000002       0.35000000000000003        7.4298412067901930E-003  -4.6553127876847730E-008
   2.5500000000000003       0.35000000000000003        7.4298276836581344E-003  -7.9879260389407000E-008
   2.6500000000000004       0.35000000000000003        7.4298054816579646E-003  -1.1689049179144914E-007
   2.7500000000000000       0.35000000000000003        7.4297756456942034E-003  -1.6088901072451417E-007
   2.8500000000000001       0.35000000000000003        7.4297398253757498E-003  -2.1606579677266369E-007
   2.9500000000000002       0.35000000000000003        7.4297003725103039E-003  -2.8801729672857311E-007
   3.0500000000000003       0.35000000000000003        7.4296604821062102E-003  -3.8443401894188081E-007
   3.1500000000000004       0.35000000000000003        7.4296243811209509E-003  -5.1604964038922793E-007
   3.2500000000000000       0.35000000000000003        7.4295975614272836E-003  -6.9797737317749047E-007
   3.3500000000000001       0.35000000000000003        7.4295870314993965E-003  -9.5162017292003939E-007
   3.4500000000000002       0.35000000000000003        7.4296015081546573E-003  -1.3074354951379477E-006
   3.5500000000000003       0.35000000000000003        7.4296513489318624E-003  -1.8089839855771649E-006
   3.6500000000000004       0.35000000000000003        7.4297477594712476E-003  -2.5189253043871127E-006
   3.7500000000000000       0.35000000000000003        7.4299002321169989E-003  -3.5279820733096943E-006
   3.8500000000000001       0.35000000000000003        7.4301099289005926E-003  -4.9683972515049486E-006
   3.9500000000000002       0.35000000000000003        7.4303540840441763E-003  -7.0339605755419094E-006
   4.0499999999999998       0.35000000000000003        7.4305510481382335E-003  -1.0008678461319938E-005
   4.1500000000000004       0.35000000000000003        7.4304849533922161E-003  -1.4303340535358579E-005
   4.2500000000000000       0.35000000000000003        7.4296507887408273E-003  -2.0486294588590961E-005
   4.3500000000000005       0.35000000000000003        7.4269598574707050E-003  -2.9250814083882225E-005
   4.4500000000000002       0.35000000000000003        7.4202647046349287E-003  -4.1134797431875513E-005
   4.5499999999999998       0.35000000000000003        7.4058982084645626E-003  -5.5497059014829442E-005
   4.6500000000000004       0.35000000000000003        7.3794717007912578E-003  -6.7568813839365515E-005
   4.7500000000000000       0.35000000000000003        7.3425214062704134E-003  -6.1209728810622587E-005
   4.8500000000000005       0.35000000000000003        3.6611660606882660E-003   0.0000000000000000     
  -5.0000000000000003E-002  0.45000000000000001        3.6781098711950694E-003   0.0000000000000000     
   5.0000000000000003E-002  0.45000000000000001        7.3665396403259668E-003   3.4330376511600928E-005
  0.15000000000000002       0.45000000000000001        7.3878056314302899E-003   4.4369299944186006E-005
  0.25000000000000000       0.45000000000000001        7.4069155518389730E-003   4.1721716019594414E-005
  0.35000000000000003       0.45000000000000001        7.4203082696510259E-003   3.4423408559861505E-005
  0.45000000000000001       0.45000000000000001        7.4286285760768811E-003   2.6576423204420392E-005
  0.55000000000000004       0.45000000000000001        7.4334730480796326E-003   1.9794726885736064E-005
  0.65000000000000002       0.45000000000000001        7.4362044577717954E-003   1.4456035829834115E-005
  0.75000000000000000       0.45000000000000001        7.4377318886381079E-003   1.0444188654996968E-005
  0.85000000000000009       0.45000000000000001        7.4385977753536744E-003   7.5023164625268773E-006
  0.95000000000000007       0.45000000000000001        7.4391070836017396E-003   5.3732282931866874E-006
   1.0500000000000000       0.45000000000000001        7.4394255685233902E-003   3.8431844119105623E-006
   1.1500000000000001       0.45000000000000001        7.4396415151887331E-003   2.7476315972455586E-006
   1.2500000000000000       0.45000000000000001        7.4398012945521511E-003   1.9644599960235650E-006
   1.3500000000000001       0.45000000000000001        7.4399289340959275E-003   1.4047541955614624E-006
   1.4500000000000002       0.45000000000000001        7.4400366356616784E-003   1.0044170342359963E-006
   1.5500000000000000       0.45000000000000001        7.4401303637472473E-003   7.1749094396957340E-007
   1.6500000000000001       0.45000000000000001        7.4402128049303635E-003   5.1111675285538804E-007
   1.7500000000000000       0.45000000000000001        7.4402849396432800E-003   3.6182746520968874E-007
   1.8500000000000001       0.45000000000000001        7.4403468839655366E-003   2.5285837961904482E-007
   1.9500000000000002       0.45000000000000001        7.4403983466940823E-003   1.7220545163835894E-007
   2.0500000000000003       0.45000000000000001        7.4404388822245197E-003   1.1122408576936592E-007
   2.1499999999999999       0.45000000000000001        7.4404680335751986E-003   6.3612764399000130E-008
   2.2500000000000000       0.45000000000000001        7.4404854148941799E-003   2.4666417349698692E-008
   2.3500000000000001       0.45000000000000001        7.4404907592689872E-003  -9.2859187626484214E-009
   2.4500000000000002       0.45000000000000001        7.4404839452661253E-003  -4.1323874903887201E-008
   2.5500000000000003       0.45000000000000001        7.4404650089403071E-003  -7.4310064543040130E-008
   2.6500000000000004       0.45000000000000001        7.4404341441849662E-003  -1.1123919740511893E-007
   2.7500000000000000       0.45000000000000001        7.4403916916081390E-003  -1.5560235003103898E-007
   2.8500000000000001       0.45000000000000001        7.4403381134952205E-003  -2.1180848689998302E-007
   2.9500000000000002       0.45000000000000001        7.4402739487750315E-003  -2.8571187818249258E-007
   3.0500000000000003       0.45000000000000001        7.4401997356976770E-003  -3.8530610520836821E-007
   3.1500000000000004       0.45000000000000001        7.4401158784856139E-003  -5.2166405935971889E-007
   3.2500000000000000       0.45000000000000001        7.4400224125317970E-003  -7.1023034100455772E-007
   3.3500000000000001       0.45000000000000001        7.4399185812619130E-003  -9.7260948865487920E-007
   3.4500000000000002       0.45000000000000001        7.4398020583818477E-003  -1.3390412751388129E-006
   3.5500000000000003       0.45000000000000001        7.4396674975653661E-003  -1.8518094547278736E-006
   3.6500000000000004       0.45000000000000001        7.4395038040959323E-003  -2.5698763652672235E-006
   3.7500000000000000       0.45000000000000001        7.4392889860711306E-003  -3.5750200895695907E-006
   3.8500000000000001       0.45000000000000001        7.4389804684652236E-003  -4.9795263708678802E-006
   3.9500000000000002       0.45000000000000001        7.4384970781418858E-003  -6.9346707968871097E-006
   4.0499999999999998       0.45000000000000001        7.4376863282750996E-003  -9.6368731543860783E-006
   4.1500000000000004       0.45000000000000001        7.4362676376753707E-003  -1.3322333914464705E-005
   4.2500000000000000       0.45000000000000001        7.4337420243604270E-003  -1.8226621099694599E-005
   4.3500000000000005       0.45000000000000001        7.4292735166924537E-003  -2.4455323106839063E-005
   4.4500000000000002       0.45000000000000001        7.4216096360317316E-003  -3.1659000533698888E-005
   4.5499999999999998       0.45000000000000001        7.4092844586327814E-003  -3.8350963929527822E-005
   4.6500000000000004       0.45000000000000001        7.3917082078936948E-003  -4.0762826664078201E-005
   4.7500000000000000       0.45000000000000001        7.3721505742595618E-003  -3.1538529416116390E-005
   4.8500000000000005       0.45000000000000001        3.6813291781200201E-003   0.0000000000000000     
  -5.0000000000000003E-002  0.55000000000000004        3.6877694812523015E-003   0.0000000000000000     
   5.0000000000000003E-002  0.55000000000000004        7.3808079266831014E-003   1.8751815131640453E-005
  0.15000000000000002       0.55000000000000004        7.3927435750916403E-003   2.6776953349749610E-005
  0.25000000000000000       0.55000000000000004        7.4053608540249208E-003   2.7637517105434535E-005
  0.35000000000000003       0.55000000000000004        7.4158689700430554E-003   2.4676512520482908E-005
  0.45000000000000001       0.55000000000000004        7.4236507755093403E-003   2.0308878980705786E-005
  0.55000000000000004       0.55000000000000004        7.4290674980980057E-003   1.5905232502408769E-005
  0.65000000000000002       0.55000000000000004        7.4327286772029773E-003   1.2071861309329311E-005
  0.75000000000000000       0.55000000000000004        7.4351826299486100E-003   8.9786994274924987E-006
  0.85000000000000009       0.55000000000000004        7.4368366929380043E-003   6.5902009644107361E-006
  0.95000000000000007       0.55000000000000004        7.4379682754279397E-003   4.7950734186290592E-006
   1.0500000000000000       0.55000000000000004        7.4387585906140362E-003   3.4689492305256259E-006
   1.1500000000000001       0.55000000000000004        7.4393239708078294E-003   2.5001591008974010E-006
   1.2500000000000000       0.55000000000000004        7.4397388313664336E-003   1.7974881010602358E-006
   1.3500000000000001       0.55000000000000004        7.4400509582875588E-003   1.2900899469430267E-006
   1.4500000000000002       0.55000000000000004        7.4402912492914607E-003   9.2454702300959890E-007
   1.5500000000000000       0.55000000000000004        7.4404798190617454E-003   6.6132025760533625E-007
   1.6500000000000001       0.55000000000000004        7.4406298240743199E-003   4.7148734212308425E-007
   1.7500000000000000       0.55000000000000004        7.4407498810128070E-003   3.3404914027617176E-007
   1.8500000000000001       0.55000000000000004        7.4408456180571781E-003   2.3382162356819613E-007
   1.9500000000000002       0.55000000000000004        7.4409206858759404E-003   1.5983417478878450E-007
   2.0500000000000003       0.55000000000000004        7.4409774258451756E-003   1.0413159706498722E-007
   2.1499999999999999       0.55000000000000004        7.4410173155815724E-003   6.0882785463680292E-008
   2.2500000000000000       0.55000000000000004        7.4410412654651627E-003   2.5713889977771482E-008
   2.3500000000000001       0.55000000000000004        7.4410498115954861E-003  -4.8005767636237211E-009
   2.4500000000000002       0.55000000000000004        7.4410432329276577E-003  -3.3542142344288508E-008
   2.5500000000000003       0.55000000000000004        7.4410216086519577E-003  -6.3192207502543613E-008
   2.6500000000000004       0.55000000000000004        7.4409848234725543E-003  -9.6553390606114916E-008
   2.7500000000000000       0.55000000000000004        7.4409325215189217E-003  -1.3688422018445087E-007
   2.8500000000000001       0.55000000000000004        7.4408640028181330E-003  -1.8828427468667109E-007
   2.9500000000000002       0.55000000000000004        7.4407780482261777E-003  -2.5617164866882520E-007
   3.0500000000000003       0.55000000000000004        7.4406726477653099E-003  -3.4790296100896011E-007
   3.1500000000000004       0.55000000000000004        7.4405445908895000E-003  -4.7359783547550618E-007
   3.2500000000000000       0.55000000000000004        7.4403888511222075E-003  -6.4724389689914243E-007
   3.3500000000000001       0.55000000000000004        7.4401976547351697E-003  -8.8817177730309997E-007
   3.4500000000000002       0.55000000000000004        7.4399590518443139E-003  -1.2229945572129581E-006
   3.5500000000000003       0.55000000000000004        7.4396546893273395E-003  -1.6880841493479249E-006
   3.6500000000000004       0.55000000000000004        7.4392562895935141E-003  -2.3325679494569163E-006
   3.7500000000000000       0.55000000000000004        7.4387200316150467E-003  -3.2215869801964718E-006
   3.8500000000000001       0.55000000000000004        7.4379775885460263E-003  -4.4389867846907102E-006
   3.9500000000000002       0.55000000000000004        7.4369220673698045E-003  -6.0873734246039469E-006
   4.0499999999999998       0.55000000000000004        7.4353868984604185E-003  -8.2809424571333822E-006
   4.1500000000000004       0.55000000000000004        7.4331170689769469E-003  -1.1121717964465601E-005
   4.2500000000000000       0.55000000000000004        7.4297381865159043E-003  -1.4641839146524575E-005
   4.3500000000000005       0.55000000000000004        7.4247464950836584E-003  -1.8684180446196162E-005
   4.4500000000000002       0.55000000000000004        7.4175825430550565E-003  -2.2690056138286949E-005
   4.5499999999999998       0.55000000000000004        7.4079161913366961E-003  -2.5398160803004114E-005
   4.6500000000000004       0.55000000000000004        7.3963172231496085E-003  -2.4591087023155973E-005
   4.7500000000000000       0.55000000000000004        7.3853490627150417E-003  -1.7215216577725335E-005
   4.8500000000000005       0.55000000000000004        3.6902538321879337E-003   0.0000000000000000     
  -5.0000000000000003E-002  0.65000000000000002        3.6930540152708114E-003   0.0000000000000000     
   5.0000000000000003E-002  0.65000000000000002        7.3891674452469360E-003   1.0433736986452920E-005
  0.15000000000000002       0.65000000000000002        7.3965659217681053E-003   1.5791638116410124E-005
  0.25000000000000000       0.65000000000000002        7.4053028118170874E-003   1.7319317210846157E-005
  0.35000000000000003       0.65000000000000002        7.4135257853050543E-003   1.6333361814474676E-005
  0.45000000000000001       0.65000000000000002        7.4204063244307792E-003   1.4077356760025873E-005
  0.55000000000000004       0.65000000000000002        7.4257849801412767E-003   1.1445532451389284E-005
  0.65000000000000002       0.65000000000000002        7.4298267349472528E-003   8.9475473918893718E-006
  0.75000000000000000       0.65000000000000002        7.4327988969641965E-003   6.8086185007594287E-006
  0.85000000000000009       0.65000000000000002        7.4349626717696736E-003   5.0847891344597633E-006
  0.95000000000000007       0.65000000000000002        7.4365342015905592E-003   3.7479933653442400E-006
   1.0500000000000000       0.65000000000000002        7.4376788635924229E-003   2.7374622122882163E-006
   1.1500000000000001       0.65000000000000002        7.4385180947953763E-003   1.9866539697331377E-006
   1.2500000000000000       0.65000000000000002        7.4391390888748597E-003   1.4353341910152403E-006
   1.3500000000000001       0.65000000000000002        7.4396036706297179E-003   1.0336655676261683E-006
   1.4500000000000002       0.65000000000000002        7.4399553493458793E-003   7.4246005542750106E-007
   1.5500000000000000       0.65000000000000002        7.4402245852361213E-003   5.3185878329906418E-007
   1.6500000000000001       0.65000000000000002        7.4404326053580314E-003   3.7956983694402684E-007
   1.7500000000000000       0.65000000000000002        7.4405941290748871E-003   2.6916995735612629E-007
   1.8500000000000001       0.65000000000000002        7.4407193017196884E-003   1.8865744872514904E-007
   1.9500000000000002       0.65000000000000002        7.4408150617211264E-003   1.2929308312496891E-007
   2.0500000000000003       0.65000000000000002        7.4408861038389703E-003   8.4702367928034067E-008
   2.1499999999999999       0.65000000000000002        7.4409355533309159E-003   5.0191430205778542E-008
   2.2500000000000000       0.65000000000000002        7.4409654308864462E-003   2.2226518849929379E-008
   2.3500000000000001       0.65000000000000002        7.4409769628629397E-003  -1.9679845372338382E-009
   2.4500000000000002       0.65000000000000002        7.4409707728777686E-003  -2.4731677977280713E-008
   2.5500000000000003       0.65000000000000002        7.4409469768697946E-003  -4.8243408816155541E-008
   2.6500000000000004       0.65000000000000002        7.4409051925846967E-003  -7.4779012678170194E-008
   2.7500000000000000       0.65000000000000002        7.4408444646503029E-003  -1.0697932888127438E-007
   2.8500000000000001       0.65000000000000002        7.4407630967606095E-003  -1.4815707972452045E-007
   2.9500000000000002       0.65000000000000002        7.4406583717683819E-003  -2.0267416948212587E-007
   3.0500000000000003       0.65000000000000002        7.4405261273435223E-003  -2.7642576499501313E-007
   3.1500000000000004       0.65000000000000002        7.4403601376307792E-003  -3.7747321438993455E-007
   3.2500000000000000       0.65000000000000002        7.4401512279162543E-003  -5.1687214574809277E-007
   3.3500000000000001       0.65000000000000002        7.4398860170370902E-003  -7.0973982405567780E-007
   3.4500000000000002       0.65000000000000002        7.4395451382415177E-003  -9.7658622890008761E-007
   3.5500000000000003       0.65000000000000002        7.4391007316526210E-003  -1.3448747470186341E-006
   3.6500000000000004       0.65000000000000002        7.4385129341275344E-003  -1.8506396408095576E-006
   3.7500000000000000       0.65000000000000002        7.4377250361825327E-003  -2.5396939090401255E-006
   3.8500000000000001       0.65000000000000002        7.4366569981407912E-003  -3.4673867886756646E-006
   3.9500000000000002       0.65000000000000002        7.4351972969623958E-003  -4.6948256689035731E-006
   4.0499999999999998       0.65000000000000002        7.4331940274781939E-003  -6.2777425842597159E-006
   4.1500000000000004       0.65000000000000002        7.4304486638793986E-003  -8.2416982450165998E-006
   4.2500000000000000       0.65000000000000002        7.4267213718050076E-003  -1.0534782252086855E-005
   4.3500000000000005       0.65000000000000002        7.4217669463876122E-003  -1.2949395020067271E-005
   4.4500000000000002       0.65000000000000002        7.4154346609218913E-003  -1.5016349739267725E-005
   4.5499999999999998       0.65000000000000002        7.4078725597916282E-003  -1.5913195977332922E-005
   4.6500000000000004       0.65000000000000002        7.3998436150647332E-003  -1.4498815114310369E-005
   4.7500000000000000       0.65000000000000002        7.3930482850714293E-003  -9.5747396606684380E-006
   4.8500000000000005       0.65000000000000002        3.6951194514845127E-003   0.0000000000000000     
  -5.0000000000000003E-002  0.75000000000000000        3.6959111285882577E-003   0.0000000000000000     
   5.0000000000000003E-002  0.75000000000000000        7.3938779025028104E-003   5.3289777005685659E-006
  0.15000000000000002       0.75000000000000000        7.3990686942182774E-003   8.3378607380160232E-006
  0.25000000000000000       0.75000000000000000        7.4056693497541511E-003   9.4862028936229793E-006
  0.35000000000000003       0.75000000000000000        7.4124235797827917E-003   9.2590115686444110E-006
  0.45000000000000001       0.75000000000000000        7.4185607192146985E-003   8.2217001739460470E-006
  0.55000000000000004       0.75000000000000000        7.4237353669721938E-003   6.8520416686811938E-006
  0.65000000000000002       0.75000000000000000        7.4278893527488111E-003   5.4642176163874088E-006
  0.75000000000000000       0.75000000000000000        7.4311173877057634E-003   4.2234713114654608E-006
  0.85000000000000009       0.75000000000000000        7.4335735235480085E-003   3.1923708122042913E-006
  0.95000000000000007       0.75000000000000000        7.4354183551909505E-003   2.3746707550138484E-006
   1.0500000000000000       0.75000000000000000        7.4367946178514411E-003   1.7462703843199820E-006
   1.1500000000000001       0.75000000000000000        7.4378191763385003E-003   1.2736754648270533E-006
   1.2500000000000000       0.75000000000000000        7.4385831486867256E-003   9.2354197525468887E-007
   1.3500000000000001       0.75000000000000000        7.4391553659272150E-003   6.6678928337348266E-007
   1.4500000000000002       0.75000000000000000        7.4395867031718599E-003   4.7977885751962868E-007
   1.5500000000000000       0.75000000000000000        7.4399141704610261E-003   3.4409412094461826E-007
   1.6500000000000001       0.75000000000000000        7.4401643593274905E-003   2.4577175981388313E-007
   1.7500000000000000       0.75000000000000000        7.4403561762860226E-003   1.7441141207715922E-007
   1.8500000000000001       0.75000000000000000        7.4405029332865816E-003   1.2235275622988106E-007
   1.9500000000000002       0.75000000000000000        7.4406139080329288E-003   8.3985646902887883E-008
   2.0500000000000003       0.75000000000000000        7.4406954871560575E-003   5.5200382967201903E-008
   2.1499999999999999       0.75000000000000000        7.4407519889630415E-003   3.2960800957974453E-008
   2.2500000000000000       0.75000000000000000        7.4407862420726055E-003   1.4975223114440489E-008
   2.3500000000000001       0.75000000000000000        7.4407999767473632E-003  -5.5999860007926024E-010
   2.4500000000000002       0.75000000000000000        7.4407940687432105E-003  -1.5167271508775289E-008
   2.5500000000000003       0.75000000000000000        7.4407686610590672E-003  -3.0265158333256475E-008
   2.6500000000000004       0.75000000000000000        7.4407231764692713E-003  -4.7334704494624464E-008
   2.7500000000000000       0.75000000000000000        7.4406562222965799E-003  -6.8092190435342668E-008
   2.8500000000000001       0.75000000000000000        7.4405653776055316E-003  -9.4686195938393971E-008
   2.9500000000000002       0.75000000000000000        7.4404468409402669E-003  -1.2993837184552169E-007
   3.0500000000000003       0.75000000000000000        7.4402949030537855E-003  -1.7764953850999483E-007
   3.1500000000000004       0.75000000000000000        7.4401011931716707E-003  -2.4299470356600642E-007
   3.2500000000000000       0.75000000000000000        7.4398536292138214E-003  -3.3303018786620443E-007
   3.3500000000000001       0.75000000000000000        7.4395349835233160E-003  -4.5732887460969249E-007
   3.4500000000000002       0.75000000000000000        7.4391209606635804E-003  -6.2873703325078940E-007
   3.5500000000000003       0.75000000000000000        7.4385776839894294E-003  -8.6419216327999275E-007
   3.6500000000000004       0.75000000000000000        7.4378585272975228E-003  -1.1854276652311239E-006
   3.7500000000000000       0.75000000000000000        7.4369003558698446E-003  -1.6191711648573478E-006
   3.8500000000000001       0.75000000000000000        7.4356195500642382E-003  -2.1960538360859894E-006
   3.9500000000000002       0.75000000000000000        7.4339088359430781E-003  -2.9468180278012082E-006
   4.0499999999999998       0.75000000000000000        7.4316371925859225E-003  -3.8935282462718479E-006
   4.1500000000000004       0.75000000000000000        7.4286572514494246E-003  -5.0325814276111321E-006
   4.2500000000000000       0.75000000000000000        7.4248277820911568E-003  -6.3062356395633676E-006
   4.3500000000000005       0.75000000000000000        7.4200622933365467E-003  -7.5623020607425691E-006
   4.4500000000000002       0.75000000000000000        7.4144150773248789E-003  -8.5116869501982299E-006
   4.5499999999999998       0.75000000000000000        7.4082046688807232E-003  -8.7151308634895787E-006
   4.6500000000000004       0.75000000000000000        7.4021401594412950E-003  -7.6541022758457040E-006
   4.7500000000000000       0.75000000000000000        7.3973742255337904E-003  -4.8889302212527887E-006
   4.8500000000000005       0.75000000000000000        3.6977437473326158E-003   0.0000000000000000     
  -5.0000000000000003E-002  0.85000000000000009        3.6970995570842487E-003   0.0000000000000000     
   5.0000000000000003E-002  0.85000000000000009        7.3958435059220153E-003   1.6392413746327123E-006
  0.15000000000000002       0.85000000000000009        7.4001045779839951E-003   2.6064648831933629E-006
  0.25000000000000000       0.85000000000000009        7.4057542724836577E-003   3.0179026422308927E-006
  0.35000000000000003       0.85000000000000009        7.4118020689636181E-003   2.9950243201771093E-006
  0.45000000000000001       0.85000000000000009        7.4175396089735581E-003   2.6986797756525157E-006
  0.55000000000000004       0.85000000000000009        7.4225672731621636E-003   2.2769063024730492E-006
  0.65000000000000002       0.85000000000000009        7.4267376000164507E-003   1.8339604701293971E-006
  0.75000000000000000       0.85000000000000009        7.4300662170992847E-003   1.4287965311963918E-006
  0.85000000000000009       0.85000000000000009        7.4326528291899698E-003   1.0866429082529724E-006
  0.95000000000000007       0.85000000000000009        7.4346268996540446E-003   8.1211720223975179E-007
   1.0500000000000000       0.85000000000000009        7.4361165466689649E-003   5.9932460933427789E-007
   1.1500000000000001       0.85000000000000009        7.4372339549774961E-003   4.3827392745925441E-007
   1.2500000000000000       0.85000000000000009        7.4380707244137033E-003   3.1839756174808540E-007
   1.3500000000000001       0.85000000000000009        7.4386983794028257E-003   2.3019208745634207E-007
   1.4500000000000002       0.85000000000000009        7.4391710888152577E-003   1.6578799614843783E-007
   1.5500000000000000       0.85000000000000009        7.4395289847496264E-003   1.1897919335844337E-007
   1.6500000000000001       0.85000000000000009        7.4398013080371897E-003   8.5020890089494923E-008
   1.7500000000000000       0.85000000000000009        7.4400090792692049E-003   6.0358242690782296E-008
   1.8500000000000001       0.85000000000000009        7.4401672327348263E-003   4.2361954502958282E-008
   1.9500000000000002       0.85000000000000009        7.4402862565927886E-003   2.9100538458772660E-008
   2.0500000000000003       0.85000000000000009        7.4403734189644154E-003   1.9155877881773243E-008
   2.1499999999999999       0.85000000000000009        7.4404336627071242E-003   1.1478487882759273E-008
   2.2500000000000000       0.85000000000000009        7.4404702407467769E-003   5.2751585017627733E-009
   2.3500000000000001       0.85000000000000009        7.4404851485412446E-003  -7.9046231472006024E-011
   2.4500000000000002       0.85000000000000009        7.4404793947100449E-003  -5.1119860551780806E-009
   2.5500000000000003       0.85000000000000009        7.4404531365462705E-003  -1.0315647769055567E-008
   2.6500000000000004       0.85000000000000009        7.4404056941442609E-003  -1.6203572055822677E-008
   2.7500000000000000       0.85000000000000009        7.4403354447461732E-003  -2.3370460427940839E-008
   2.8500000000000001       0.85000000000000009        7.4402395869253872E-003  -3.2560035005665403E-008
   2.9500000000000002       0.85000000000000009        7.4401137516761050E-003  -4.4747670177758558E-008
   3.0500000000000003       0.85000000000000009        7.4399514238721424E-003  -6.1244925067778395E-008
   3.1500000000000004       0.85000000000000009        7.4397431229629987E-003  -8.3833482213363465E-008
   3.2500000000000000       0.85000000000000009        7.4394752774994723E-003  -1.1493529960784223E-007
   3.3500000000000001       0.85000000000000009        7.4391287179663042E-003  -1.5782231704230189E-007
   3.4500000000000002       0.85000000000000009        7.4386767152043558E-003  -2.1685960037408689E-007
   3.5500000000000003       0.85000000000000009        7.4380825252221162E-003  -2.9775454799435930E-007
   3.6500000000000004       0.85000000000000009        7.4372964988009436E-003  -4.0774195118597943E-007
   3.7500000000000000       0.85000000000000009        7.4362530340009222E-003  -5.5555542963550671E-007
   3.8500000000000001       0.85000000000000009        7.4348680831834661E-003  -7.5090122172259922E-007
   3.9500000000000002       0.85000000000000009        7.4330386981798658E-003  -1.0029463415496986E-006
   4.0499999999999998       0.85000000000000009        7.4306473284775701E-003  -1.3170778470623910E-006
   4.1500000000000004       0.85000000000000009        7.4275752639341051E-003  -1.6889998300966162E-006
   4.2500000000000000       0.85000000000000009        7.4237312664965161E-003  -2.0954485372153053E-006
   4.3500000000000005       0.85000000000000009        7.4191015360025540E-003  -2.4821445963333400E-006
   4.4500000000000002       0.85000000000000009        7.4138223401464254E-003  -2.7531783445234989E-006
   4.5499999999999998       0.85000000000000009        7.4082617991605140E-003  -2.7724717652541286E-006
   4.6500000000000004       0.85000000000000009        7.4030714301155402E-003  -2.3925591433850221E-006
   4.7500000000000000       0.85000000000000009        7.3991598245826155E-003  -1.5036755602874925E-006
   4.8500000000000005       0.85000000000000009        3.6988254986252953E-003   0.0000000000000000     
