  -5.0000000000000003E-002  -5.0000000000000003E-002   4.9040517555668634E-004   0.0000000000000000     
   5.0000000000000003E-002  -5.0000000000000003E-002   9.6444964248776940E-004   1.6363502349598618E-005
  0.15000000000000002       -5.0000000000000003E-002   9.4244475701618158E-004   5.6496966525959025E-006
  0.25000000000000000       -5.0000000000000003E-002   9.3456394548522268E-004   2.2447466747787434E-006
  0.35000000000000003       -5.0000000000000003E-002   9.3132497663313805E-004   1.0128405730623909E-006
  0.45000000000000001       -5.0000000000000003E-002   9.2983378460472128E-004   5.0150052260315138E-007
  0.55000000000000004       -5.0000000000000003E-002   9.2910008731247949E-004   2.5930440847424178E-007
  0.65000000000000002       -5.0000000000000003E-002   9.2874093379274230E-004   1.3023728492433352E-007
  0.75000000000000000       -5.0000000000000003E-002   9.2858941500459976E-004   5.4178386202943312E-008
  0.85000000000000009       -5.0000000000000003E-002   9.2856436677183176E-004   5.4236786953758788E-009
  0.95000000000000007       -5.0000000000000003E-002   9.2862233071035920E-004  -2.8093206462648411E-008
   1.0500000000000000       -5.0000000000000003E-002   9.2873800723824605E-004  -5.2512778612410496E-008
   1.1500000000000001       -5.0000000000000003E-002   9.2889555086092621E-004  -7.1179228135989245E-008
   1.2500000000000000       -5.0000000000000003E-002   9.2908437360946481E-004  -8.6018405431889616E-008
   1.3500000000000001       -5.0000000000000003E-002   9.2929697919652023E-004  -9.8190232280682051E-008
   1.4500000000000002       -5.0000000000000003E-002   9.2952777889001529E-004  -1.0841799224430926E-007
   1.5500000000000000       -5.0000000000000003E-002   9.2977241226185783E-004  -1.1716421067223690E-007
   1.6500000000000001       -5.0000000000000003E-002   9.3002734203094517E-004  -1.2472947043030368E-007
   1.7500000000000000       -5.0000000000000003E-002   9.3028960493865000E-004  -1.3131052603559913E-007
   1.8500000000000001       -5.0000000000000003E-002   9.3055665519206599E-004  -1.3703593552654711E-007
   1.9500000000000002       -5.0000000000000003E-002   9.3082626480356031E-004  -1.4198876445729205E-007
   2.0500000000000003       -5.0000000000000003E-002   9.3109645996063335E-004  -1.4622158939933301E-007
   2.1499999999999999       -5.0000000000000003E-002   9.3136548079276234E-004  -1.4976677875121791E-007
   2.2500000000000000       -5.0000000000000003E-002   9.3163175667872406E-004  -1.5264381911738429E-007
   2.3500000000000001       -5.0000000000000003E-002   9.3189389213741368E-004  -1.5486478497523942E-007
   2.4500000000000002       -5.0000000000000003E-002   9.3215066019981243E-004  -1.5643867266378628E-007
   2.5500000000000003       -5.0000000000000003E-002   9.3240100142834845E-004  -1.5737510883539780E-007
   2.6500000000000004       -5.0000000000000003E-002   9.3264402770175652E-004  -1.5768783636819282E-007
   2.7500000000000000       -5.0000000000000003E-002   9.3287903069304832E-004  -1.5739834511959610E-007
   2.8500000000000001       -5.0000000000000003E-002   9.3310549576996365E-004  -1.5654004284903239E-007
   2.9500000000000002       -5.0000000000000003E-002   9.3332312297422033E-004  -1.5516345944341777E-007
   3.0500000000000003       -5.0000000000000003E-002   9.3353185795677304E-004  -1.5334317507147621E-007
   3.1500000000000004       -5.0000000000000003E-002   9.3373193751861453E-004  -1.5118751863867117E-007
   3.2500000000000000       -5.0000000000000003E-002   9.3392395716731440E-004  -1.4885271780529174E-007
   3.3500000000000001       -5.0000000000000003E-002   9.3410897263902152E-004  -1.4656432878612031E-007
   3.4500000000000002       -5.0000000000000003E-002   9.3428865515240186E-004  -1.4465090773295328E-007
   3.5500000000000003       -5.0000000000000003E-002   9.3446553421247980E-004  -1.4359899049047623E-007
   3.6500000000000004       -5.0000000000000003E-002   9.3464338815477349E-004  -1.4414666762357023E-007
   3.7500000000000000       -5.0000000000000003E-002   9.3482789442063559E-004  -1.4745025420729203E-007
   3.8500000000000001       -5.0000000000000003E-002   9.3502775849407219E-004  -1.5539648480651550E-007
   3.9500000000000002       -5.0000000000000003E-002   9.3525677386728154E-004  -1.7122123582006323E-007
   4.0499999999999998       -5.0000000000000003E-002   9.3553780819046069E-004  -2.0081656199978683E-007
   4.1500000000000004       -5.0000000000000003E-002   9.3591106585134878E-004  -2.5569935608854918E-007
   4.2500000000000000       -5.0000000000000003E-002   9.3645263584070837E-004  -3.6032694428564109E-007
   4.3500000000000005       -5.0000000000000003E-002   9.3732006817809843E-004  -5.7180873884184255E-007
   4.4500000000000002       -5.0000000000000003E-002   9.3887598281901404E-004  -1.0382254937630239E-006
   4.5499999999999998       -5.0000000000000003E-002   9.4205926253448523E-004  -2.1878922126669317E-006
   4.6500000000000004       -5.0000000000000003E-002   9.4961490391794992E-004  -5.3987513524282671E-006
   4.7500000000000000       -5.0000000000000003E-002   9.7053761395411470E-004  -1.5542722860137282E-005
   4.8500000000000005       -5.0000000000000003E-002   4.9303702738944942E-004   0.0000000000000000     
  -5.0000000000000003E-002   5.0000000000000003E-002   1.2130079703725433E-003   0.0000000000000000     
   5.0000000000000003E-002   5.0000000000000003E-002   2.4367209703288701E-003   2.2024768836319463E-005
  0.15000000000000002        5.0000000000000003E-002   2.4490802924006525E-003   9.6506206176935168E-006
  0.25000000000000000        5.0000000000000003E-002   2.4506446594440763E-003   4.5875307748878520E-006
  0.35000000000000003        5.0000000000000003E-002   2.4502391467574780E-003   2.3517747822985667E-006
  0.45000000000000001        5.0000000000000003E-002   2.4496621610980091E-003   1.2770421096051603E-006
  0.55000000000000004        5.0000000000000003E-002   2.4492194196755949E-003   7.1441678279899134E-007
  0.65000000000000002        5.0000000000000003E-002   2.4489192242271762E-003   3.9525019079021186E-007
  0.75000000000000000        5.0000000000000003E-002   2.4487251029692235E-003   2.0059925346475319E-007
  0.85000000000000009        5.0000000000000003E-002   2.4486041687417732E-003   7.4092894023239580E-008
  0.95000000000000007        5.0000000000000003E-002   2.4485328182299810E-003  -1.2787071093938700E-008
   1.0500000000000000        5.0000000000000003E-002   2.4484948250414495E-003  -7.5361213189141253E-008
   1.1500000000000001        5.0000000000000003E-002   2.4484789661883429E-003  -1.2231237732766817E-007
   1.2500000000000000        5.0000000000000003E-002   2.4484773028209156E-003  -1.5879445319083439E-007
   1.3500000000000001        5.0000000000000003E-002   2.4484840643948886E-003  -1.8798749152471087E-007
   1.4500000000000002        5.0000000000000003E-002   2.4484949428077497E-003  -2.1191594413824143E-007
   1.5500000000000000        5.0000000000000003E-002   2.4485066453729847E-003  -2.3189989797705449E-007
   1.6500000000000001        5.0000000000000003E-002   2.4485166089682551E-003  -2.4881500797811545E-007
   1.7500000000000000        5.0000000000000003E-002   2.4485228152668704E-003  -2.6324840457904910E-007
   1.8500000000000001        5.0000000000000003E-002   2.4485236702807781E-003  -2.7559576799061483E-007
   1.9500000000000002        5.0000000000000003E-002   2.4485179254448370E-003  -2.8612390649461452E-007
   2.0500000000000003        5.0000000000000003E-002   2.4485046258798122E-003  -2.9501244904496621E-007
   2.1499999999999999        5.0000000000000003E-002   2.4484830766013511E-003  -3.0238255459866842E-007
   2.2500000000000000        5.0000000000000003E-002   2.4484528206533606E-003  -3.0831740827547255E-007
   2.3500000000000001        5.0000000000000003E-002   2.4484136252239984E-003  -3.1287751241993491E-007
   2.4500000000000002        5.0000000000000003E-002   2.4483654732106305E-003  -3.1611277439359603E-007
   2.5500000000000003        5.0000000000000003E-002   2.4483085587124840E-003  -3.1807282632211395E-007
   2.6500000000000004        5.0000000000000003E-002   2.4482432857197540E-003  -3.1881671943171083E-007
   2.7500000000000000        5.0000000000000003E-002   2.4481702699558202E-003  -3.1842303974239958E-007
   2.8500000000000001        5.0000000000000003E-002   2.4480903445109532E-003  -3.1700156634260578E-007
   2.9500000000000002        5.0000000000000003E-002   2.4480045706764494E-003  -3.1470786021998325E-007
   3.0500000000000003        5.0000000000000003E-002   2.4479142563639416E-003  -3.1176270176197510E-007
   3.1500000000000004        5.0000000000000003E-002   2.4478209858420398E-003  -3.0847924481945332E-007
   3.2500000000000000        5.0000000000000003E-002   2.4477266665041621E-003  -3.0530242354120791E-007
   3.3500000000000001        5.0000000000000003E-002   2.4476336014346051E-003  -3.0286811776758031E-007
   3.4500000000000002        5.0000000000000003E-002   2.4475446014119149E-003  -3.0209499654841618E-007
   3.5500000000000003        5.0000000000000003E-002   2.4474631579696465E-003  -3.0433213549695035E-007
   3.6500000000000004        5.0000000000000003E-002   2.4473937124221299E-003  -3.1160528854492555E-007
   3.7500000000000000        5.0000000000000003E-002   2.4473420778904141E-003  -3.2704461956716841E-007
   3.8500000000000001        5.0000000000000003E-002   2.4473161070158061E-003  -3.5566059121121971E-007
   3.9500000000000002        5.0000000000000003E-002   2.4473267487838840E-003  -4.0581890978089400E-007
   4.0499999999999998        5.0000000000000003E-002   2.4473896780689620E-003  -4.9218939312691368E-007
   4.1500000000000004        5.0000000000000003E-002   2.4475275462473977E-003  -6.4196883033456527E-007
   4.2500000000000000        5.0000000000000003E-002   2.4477717898913876E-003  -9.0878368190638780E-007
   4.3500000000000005        5.0000000000000003E-002   2.4481572254153776E-003  -1.4056265160640084E-006
   4.4500000000000002        5.0000000000000003E-002   2.4486761794209545E-003  -2.3875155144835226E-006
   4.5499999999999998        5.0000000000000003E-002   2.4490388385956623E-003  -4.4702170386856793E-006
   4.6500000000000004        5.0000000000000003E-002   2.4475394219246704E-003  -9.2346555837487850E-006
   4.7500000000000000        5.0000000000000003E-002   2.4358067565347845E-003  -2.0934391616744299E-005
   4.8500000000000005        5.0000000000000003E-002   1.2128247101998182E-003   0.0000000000000000     
  -5.0000000000000003E-002  0.15000000000000002        1.2718287307890586E-003   0.0000000000000000     
   5.0000000000000003E-002  0.15000000000000002        2.5470585218134402E-003   7.9242664556565289E-006
  0.15000000000000002       0.15000000000000002        2.5521128586517170E-003   6.3540911210443855E-006
  0.25000000000000000       0.15000000000000002        2.5543256893090747E-003   4.1341261167033586E-006
  0.35000000000000003       0.15000000000000002        2.5550037325723172E-003   2.5698855908870944E-006
  0.45000000000000001       0.15000000000000002        2.5550958614893571E-003   1.5900860970599813E-006
  0.55000000000000004       0.15000000000000002        2.5550090506349433E-003   9.8514025397356750E-007
  0.65000000000000002       0.15000000000000002        2.5548903444687129E-003   6.0420457246189028E-007
  0.75000000000000000       0.15000000000000002        2.5547853213655079E-003   3.5658287850145213E-007
  0.85000000000000009       0.15000000000000002        2.5547035601557523E-003   1.8991224089824505E-007
  0.95000000000000007       0.15000000000000002        2.5546430515389854E-003   7.3841395763793123E-008
   1.0500000000000000       0.15000000000000002        2.5545988004117082E-003  -9.6044192783821980E-009
   1.1500000000000001       0.15000000000000002        2.5545656645454455E-003  -7.1371362437130901E-008
   1.2500000000000000       0.15000000000000002        2.5545391624308021E-003  -1.1831989765487084E-007
   1.3500000000000001       0.15000000000000002        2.5545155987165419E-003  -1.5486614622436972E-007
   1.4500000000000002       0.15000000000000002        2.5544919850875691E-003  -1.8391926750960195E-007
   1.5500000000000000       0.15000000000000002        2.5544659204258715E-003  -2.0743226391275852E-007
   1.6500000000000001       0.15000000000000002        2.5544354818397806E-003  -2.2673558802314694E-007
   1.7500000000000000       0.15000000000000002        2.5543991388594610E-003  -2.4274542008488947E-007
   1.8500000000000001       0.15000000000000002        2.5543556901600649E-003  -2.5609756799959945E-007
   1.9500000000000002       0.15000000000000002        2.5543042186352196E-003  -2.6723599061785592E-007
   2.0500000000000003       0.15000000000000002        2.5542440603196605E-003  -2.7647292759401946E-007
   2.1499999999999999       0.15000000000000002        2.5541747833125617E-003  -2.8403089278201469E-007
   2.2500000000000000       0.15000000000000002        2.5540961736975399E-003  -2.9007294083811213E-007
   2.3500000000000001       0.15000000000000002        2.5540082262419622E-003  -2.9472537480464805E-007
   2.4500000000000002       0.15000000000000002        2.5539111383306046E-003  -2.9809574578717077E-007
   2.5500000000000003       0.15000000000000002        2.5538053061569923E-003  -3.0028823619211179E-007
   2.6500000000000004       0.15000000000000002        2.5536913226903578E-003  -3.0141812043061659E-007
   2.7500000000000000       0.15000000000000002        2.5535699773921116E-003  -3.0162686397124968E-007
   2.8500000000000001       0.15000000000000002        2.5534422581082049E-003  -3.0109952397264135E-007
   2.9500000000000002       0.15000000000000002        2.5533093560482223E-003  -3.0008647565516072E-007
   3.0500000000000003       0.15000000000000002        2.5531726753126737E-003  -2.9893219836796331E-007
   3.1500000000000004       0.15000000000000002        2.5530338490765709E-003  -2.9811509680509002E-007
   3.2500000000000000       0.15000000000000002        2.5528947652904131E-003  -2.9830445477292664E-007
   3.3500000000000001       0.15000000000000002        2.5527576055660440E-003  -3.0044426546496431E-007
   3.4500000000000002       0.15000000000000002        2.5526249015382380E-003  -3.0588006161802160E-007
   3.5500000000000003       0.15000000000000002        2.5524996126892528E-003  -3.1655626903136954E-007
   3.6500000000000004       0.15000000000000002        2.5523852262698166E-003  -3.3533243260685512E-007
   3.7500000000000000       0.15000000000000002        2.5522858676812719E-003  -3.6650548221898124E-007
   3.8500000000000001       0.15000000000000002        2.5522063724182174E-003  -4.1669874198908557E-007
   3.9500000000000002       0.15000000000000002        2.5521521641837246E-003  -4.9641881497584938E-007
   4.0499999999999998       0.15000000000000002        2.5521284859260323E-003  -6.2284730237266215E-007
   4.1500000000000004       0.15000000000000002        2.5521377046908143E-003  -8.2491422916489527E-007
   4.2500000000000000       0.15000000000000002        2.5521711492863140E-003  -1.1524390100150122E-006
   4.3500000000000005       0.15000000000000002        2.5521859513779311E-003  -1.6916153774715011E-006
   4.4500000000000002       0.15000000000000002        2.5520429405710855E-003  -2.5857089364334423E-006
   4.5499999999999998       0.15000000000000002        2.5513563173658414E-003  -4.0337354896918441E-006
   4.6500000000000004       0.15000000000000002        2.5492261531047545E-003  -6.1035605070304291E-006
   4.7500000000000000       0.15000000000000002        2.5444129006898164E-003  -7.5570972069490880E-006
   4.8500000000000005       0.15000000000000002        1.2705901891780097E-003   0.0000000000000000     
  -5.0000000000000003E-002  0.25000000000000000        1.2741020678052203E-003   0.0000000000000000     
   5.0000000000000003E-002  0.25000000000000000        2.5494316749771302E-003   3.3012542864679544E-006
  0.15000000000000002       0.25000000000000000        2.5516604978958945E-003   3.7105705491783554E-006
  0.25000000000000000       0.25000000000000000        2.5532227691337267E-003   3.0298083117292780E-006
  0.35000000000000003       0.25000000000000000        2.5540462286335192E-003   2.2099373219268438E-006
  0.45000000000000001       0.25000000000000000        2.5544142289583905E-003   1.5362031301089491E-006
  0.55000000000000004       0.25000000000000000        2.5545529856109196E-003   1.0412925481830080E-006
  0.65000000000000002       0.25000000000000000        2.5545897627261777E-003   6.9075750318962582E-007
  0.75000000000000000       0.25000000000000000        2.5545866526299910E-003   4.4395672183079165E-007
  0.85000000000000009       0.25000000000000000        2.5545712085805836E-003   2.6885111518163202E-007
  0.95000000000000007       0.25000000000000000        2.5545543224845201E-003   1.4288583922690959E-007
   1.0500000000000000       0.25000000000000000        2.5545392912054098E-003   5.0774405801856030E-008
   1.1500000000000001       0.25000000000000000        2.5545261348139049E-003  -1.7754924154524265E-008
   1.2500000000000000       0.25000000000000000        2.5545135833370046E-003  -6.9632739379693800E-008
   1.3500000000000001       0.25000000000000000        2.5544999658839453E-003  -1.0957845793635534E-007
   1.4500000000000002       0.25000000000000000        2.5544835947196903E-003  -1.4083943451226233E-007
   1.5500000000000000       0.25000000000000000        2.5544629213668656E-003  -1.6567194091424816E-007
   1.6500000000000001       0.25000000000000000        2.5544365926017023E-003  -1.8565656292798140E-007
   1.7500000000000000       0.25000000000000000        2.5544034646818102E-003  -2.0190788090543679E-007
   1.8500000000000001       0.25000000000000000        2.5543626019043190E-003  -2.1521618113168576E-007
   1.9500000000000002       0.25000000000000000        2.5543132706960557E-003  -2.2614492925722704E-007
   2.0500000000000003       0.25000000000000000        2.5542549336201627E-003  -2.3509906997296207E-007
   2.1499999999999999       0.25000000000000000        2.5541872446432057E-003  -2.4237388640922711E-007
   2.2500000000000000       0.25000000000000000        2.5541100457337190E-003  -2.4819086226617386E-007
   2.3500000000000001       0.25000000000000000        2.5540233644123088E-003  -2.5272494980458872E-007
   2.4500000000000002       0.25000000000000000        2.5539274117994059E-003  -2.5612638615155375E-007
   2.5500000000000003       0.25000000000000000        2.5538225808000468E-003  -2.5853944467754417E-007
   2.6500000000000004       0.25000000000000000        2.5537094442285063E-003  -2.6012010076821613E-007
   2.7500000000000000       0.25000000000000000        2.5535887528636120E-003  -2.6105445310282078E-007
   2.8500000000000001       0.25000000000000000        2.5534614336133036E-003  -2.6157984557552835E-007
   2.9500000000000002       0.25000000000000000        2.5533285881301328E-003  -2.6201100273329065E-007
   3.0500000000000003       0.25000000000000000        2.5531914923145617E-003  -2.6277419553795236E-007
   3.1500000000000004       0.25000000000000000        2.5530515970781697E-003  -2.6445364116715691E-007
   3.2500000000000000       0.25000000000000000        2.5529105303154164E-003  -2.6785626965223817E-007
   3.3500000000000001       0.25000000000000000        2.5527700988282912E-003  -2.7410410773840480E-007
   3.4500000000000002       0.25000000000000000        2.5526322860665307E-003  -2.8476858524047226E-007
   3.5500000000000003       0.25000000000000000        2.5524992350807406E-003  -3.0206929067890328E-007
   3.6500000000000004       0.25000000000000000        2.5523731919551524E-003  -3.2917300028664210E-007
   3.7500000000000000       0.25000000000000000        2.5522563544035305E-003  -3.7064979240474870E-007
   3.8500000000000001       0.25000000000000000        2.5521505042535998E-003  -4.3317406385792264E-007
   3.9500000000000002       0.25000000000000000        2.5520561609897450E-003  -5.2659641557911440E-007
   4.0499999999999998       0.25000000000000000        2.5519706942261568E-003  -6.6553137199709278E-007
   4.1500000000000004       0.25000000000000000        2.5518842245856686E-003  -8.7149556061695024E-007
   4.2500000000000000       0.25000000000000000        2.5517710204459184E-003  -1.1750105424989269E-006
   4.3500000000000005       0.25000000000000000        2.5515725355905903E-003  -1.6147675859439230E-006
   4.4500000000000002       0.25000000000000000        2.5511683457697170E-003  -2.2235951267074899E-006
   4.5499999999999998       0.25000000000000000        2.5503440962395983E-003  -2.9706524213575731E-006
   4.6500000000000004       0.25000000000000000        2.5488311498572426E-003  -3.5855372047796965E-006
   4.7500000000000000       0.25000000000000000        2.5466980956309580E-003  -3.1663421659739833E-006
   4.8500000000000005       0.25000000000000000        1.2727636494357178E-003   0.0000000000000000     
  -5.0000000000000003E-002  0.35000000000000003        1.2751410724666046E-003   0.0000000000000000     
   5.0000000000000003E-002  0.35000000000000003        2.5507898301560385E-003   1.5716171264021568E-006
  0.15000000000000002       0.35000000000000003        2.5518607126203251E-003   2.1571293321395929E-006
  0.25000000000000000       0.35000000000000003        2.5528443542907706E-003   2.0646001222995048E-006
  0.35000000000000003       0.35000000000000003        2.5535294235683979E-003   1.7038534002995342E-006
  0.45000000000000001       0.35000000000000003        2.5539465102965070E-003   1.3034979762265997E-006
  0.55000000000000004       0.35000000000000003        2.5541828954371280E-003   9.5307100047558303E-007
  0.65000000000000002       0.35000000000000003        2.5543122953776186E-003   6.7357813062288248E-007
  0.75000000000000000       0.35000000000000003        2.5543826974920220E-003   4.5963760837742725E-007
  0.85000000000000009       0.35000000000000003        2.5544217670573775E-003   2.9865212544874903E-007
  0.95000000000000007       0.35000000000000003        2.5544442473934160E-003   1.7807914581473787E-007
   1.0500000000000000       0.35000000000000003        2.5544574265230348E-003   8.7574061260053988E-008
   1.1500000000000001       0.35000000000000003        2.5544645181405558E-003   1.9213149740407182E-008
   1.2500000000000000       0.35000000000000003        2.5544665930827826E-003  -3.2874323505222709E-008
   1.3500000000000001       0.35000000000000003        2.5544636392594564E-003  -7.2971966870316688E-008
   1.4500000000000002       0.35000000000000003        2.5544551315302799E-003  -1.0418435065832730E-007
   1.5500000000000000       0.35000000000000003        2.5544403355761834E-003  -1.2875561993297962E-007
   1.6500000000000001       0.35000000000000003        2.5544184702283733E-003  -1.4830681382036376E-007
   1.7500000000000000       0.35000000000000003        2.5543887953491775E-003  -1.6400920198012108E-007
   1.8500000000000001       0.35000000000000003        2.5543506607622292E-003  -1.7671007626493683E-007
   1.9500000000000002       0.35000000000000003        2.5543035347374977E-003  -1.8702410989392413E-007
   2.0500000000000003       0.35000000000000003        2.5542470215278242E-003  -1.9540009367912437E-007
   2.1499999999999999       0.35000000000000003        2.5541808727296434E-003  -2.0217021820072586E-007
   2.2500000000000000       0.35000000000000003        2.5541049947942450E-003  -2.0758712855372617E-007
   2.3500000000000001       0.35000000000000003        2.5540194537727605E-003  -2.1185261006993803E-007
   2.4500000000000002       0.35000000000000003        2.5539244777662787E-003  -2.1514083471894705E-007
   2.5500000000000003       0.35000000000000003        2.5538204572675672E-003  -2.1761850106777675E-007
   2.6500000000000004       0.35000000000000003        2.5537079434579768E-003  -2.1946386422869159E-007
   2.7500000000000000       0.35000000000000003        2.5535876444676042E-003  -2.2088653403798309E-007
   2.8500000000000001       0.35000000000000003        2.5534604195533461E-003  -2.2215000554996238E-007
   2.9500000000000002       0.35000000000000003        2.5533272710339993E-003  -2.2359918658310095E-007
   3.0500000000000003       0.35000000000000003        2.5531893335530376E-003  -2.2569573962733197E-007
   3.1500000000000004       0.35000000000000003        2.5530478596611683E-003  -2.2906492725100799E-007
   3.2500000000000000       0.35000000000000003        2.5529041995331144E-003  -2.3455894140751131E-007
   3.3500000000000001       0.35000000000000003        2.5527597703136127E-003  -2.4334353543658415E-007
   3.4500000000000002       0.35000000000000003        2.5526160061070968E-003  -2.5701728000969020E-007
   3.5500000000000003       0.35000000000000003        2.5524742710794609E-003  -2.7777589660875615E-007
   3.6500000000000004       0.35000000000000003        2.5523357020201635E-003  -3.0863727767427080E-007
   3.7500000000000000       0.35000000000000003        2.5522009167368914E-003  -3.5374363276480964E-007
   3.8500000000000001       0.35000000000000003        2.5520694702268597E-003  -4.1874854492032414E-007
   3.9500000000000002       0.35000000000000003        2.5519388460889074E-003  -5.1125889256955199E-007
   4.0499999999999998       0.35000000000000003        2.5518026212661450E-003  -6.4118394281939583E-007
   4.1500000000000004       0.35000000000000003        2.5516472557870389E-003  -8.2052409412415806E-007
   4.2500000000000000       0.35000000000000003        2.5514469038363640E-003  -1.0613382791826065E-006
   4.3500000000000005       0.35000000000000003        2.5511563902199785E-003  -1.3688478406597989E-006
   4.4500000000000002       0.35000000000000003        2.5507060765679501E-003  -1.7232503906512996E-006
   4.5499999999999998       0.35000000000000003        2.5500133940917782E-003  -2.0397409807059754E-006
   4.6500000000000004       0.35000000000000003        2.5490494802893719E-003  -2.1015927134172070E-006
   4.7500000000000000       0.35000000000000003        2.5480148835119697E-003  -1.5201639394560512E-006
   4.8500000000000005       0.35000000000000003        1.2737634689983575E-003   0.0000000000000000     
  -5.0000000000000003E-002  0.45000000000000001        1.2756751178279143E-003   0.0000000000000000     
   5.0000000000000003E-002  0.45000000000000001        2.5515902387651078E-003   8.2951622263313737E-007
  0.15000000000000002       0.45000000000000001        2.5521534837567418E-003   1.2817297826037708E-006
  0.25000000000000000       0.45000000000000001        2.5527694958127787E-003   1.3676094416837365E-006
  0.35000000000000003       0.45000000000000001        2.5532851290984964E-003   1.2373781764012218E-006
  0.45000000000000001       0.45000000000000001        2.5536634491697156E-003   1.0208643688080059E-006
  0.55000000000000004       0.45000000000000001        2.5539230683764669E-003   7.9391534087464060E-007
  0.65000000000000002       0.45000000000000001        2.5540963319451312E-003   5.9084640379388904E-007
  0.75000000000000000       0.45000000000000001        2.5542117292356647E-003   4.2236344839749027E-007
  0.85000000000000009       0.45000000000000001        2.5542896527285595E-003   2.8804062480524025E-007
  0.95000000000000007       0.45000000000000001        2.5543432470304518E-003   1.8320454943737193E-007
   1.0500000000000000       0.45000000000000001        2.5543804278189285E-003   1.0222953566992193E-007
   1.1500000000000001       0.45000000000000001        2.5544056890380927E-003   3.9907777399604066E-008
   1.2500000000000000       0.45000000000000001        2.5544214008285959E-003  -8.1057453067759441E-009
   1.3500000000000001       0.45000000000000001        2.5544286584641284E-003  -4.5250742826977083E-008
   1.4500000000000002       0.45000000000000001        2.5544278136729864E-003  -7.4170388278007145E-008
   1.5500000000000000       0.45000000000000001        2.5544188015089735E-003  -9.6859380674292525E-008
   1.6500000000000001       0.45000000000000001        2.5544013416237254E-003  -1.1480587601079137E-007
   1.7500000000000000       0.45000000000000001        2.5543750640221320E-003  -1.2911204162491699E-007
   1.8500000000000001       0.45000000000000001        2.5543395895977661E-003  -1.4059081575119983E-007
   1.9500000000000002       0.45000000000000001        2.5542945832785022E-003  -1.4984134300402732E-007
   2.0500000000000003       0.45000000000000001        2.5542397901101299E-003  -1.5730697810992515E-007
   2.1499999999999999       0.45000000000000001        2.5541750602049405E-003  -1.6331976442812709E-007
   2.2500000000000000       0.45000000000000001        2.5541003659367272E-003  -1.6813482268725070E-007
   2.3500000000000001       0.45000000000000001        2.5540158132992341E-003  -1.7195752495940566E-007
   2.4500000000000002       0.45000000000000001        2.5539216484996717E-003  -1.7496583808618484E-007
   2.5500000000000003       0.45000000000000001        2.5538182603599469E-003  -1.7732985591292151E-007
   2.6500000000000004       0.45000000000000001        2.5537061787830827E-003  -1.7923031513175632E-007
   2.7500000000000000       0.45000000000000001        2.5535860693079791E-003  -1.8087780624259005E-007
   2.8500000000000001       0.45000000000000001        2.5534587235446129E-003  -1.8253444794128195E-007
   2.9500000000000002       0.45000000000000001        2.5533250449781154E-003  -1.8453998943691833E-007
   3.0500000000000003       0.45000000000000001        2.5531860291542192E-003  -1.8734463934125661E-007
   3.1500000000000004       0.45000000000000001        2.5530427364550564E-003  -1.9155137633225964E-007
   3.2500000000000000       0.45000000000000001        2.5528962542843312E-003  -1.9797102228994030E-007
   3.3500000000000001       0.45000000000000001        2.5527476430653308E-003  -2.0769380121715047E-007
   3.4500000000000002       0.45000000000000001        2.5525978562796624E-003  -2.2218109116015252E-007
   3.5500000000000003       0.45000000000000001        2.5524476176561769E-003  -2.4337972643813034E-007
   3.6500000000000004       0.45000000000000001        2.5522972267910372E-003  -2.7385656951797620E-007
   3.7500000000000000       0.45000000000000001        2.5521462457074196E-003  -3.1693890483677720E-007
   3.8500000000000001       0.45000000000000001        2.5519929915641826E-003  -3.7681757971255637E-007
   3.9500000000000002       0.45000000000000001        2.5518337281616489E-003  -4.5850665680079976E-007
   4.0499999999999998       0.45000000000000001        2.5516614315939821E-003  -5.6742140318324593E-007
   4.1500000000000004       0.45000000000000001        2.5514640728184247E-003  -7.0807858537860390E-007
   4.2500000000000000       0.45000000000000001        2.5512226992683977E-003  -8.8097063196828677E-007
   4.3500000000000005       0.45000000000000001        2.5509106260481838E-003  -1.0760351005211239E-006
   4.4500000000000002       0.45000000000000001        2.5504974551989225E-003  -1.2608176094161643E-006
   4.5499999999999998       0.45000000000000001        2.5499657564863692E-003  -1.3634683935502974E-006
   4.6500000000000004       0.45000000000000001        2.5493507291508427E-003  -1.2609284086791758E-006
   4.7500000000000000       0.45000000000000001        2.5487977495290935E-003  -8.1078012678118010E-007
   4.8500000000000005       0.45000000000000001        1.2742818735923883E-003   0.0000000000000000     
  -5.0000000000000003E-002  0.55000000000000004        1.2759718459405545E-003   0.0000000000000000     
   5.0000000000000003E-002  0.55000000000000004        2.5520728172023287E-003   4.6597522160734790E-007
  0.15000000000000002       0.55000000000000004        2.5523988056539095E-003   7.7266434641799369E-007
  0.25000000000000000       0.55000000000000004        2.5528000022890774E-003   8.8672968856549850E-007
  0.35000000000000003       0.55000000000000004        2.5531826781004241E-003   8.5718549893975737E-007
  0.45000000000000001       0.55000000000000004        2.5535030470663022E-003   7.4866598679993346E-007
  0.55000000000000004       0.55000000000000004        2.5537528770778507E-003   6.1087959633369111E-007
  0.65000000000000002       0.55000000000000004        2.5539407430912823E-003   4.7352870193444291E-007
  0.75000000000000000       0.55000000000000004        2.5540798913195641E-003   3.5092916388729921E-007
  0.85000000000000009       0.55000000000000004        2.5541826077653197E-003   2.4794238370532116E-007
  0.95000000000000007       0.55000000000000004        2.5542584359115293E-003   1.6446889956829414E-007
   1.0500000000000000       0.55000000000000004        2.5543141293585640E-003   9.8231762903446598E-008
   1.1500000000000001       0.55000000000000004        2.5543541824674327E-003   4.6294177844149354E-008
   1.2500000000000000       0.55000000000000004        2.5543814341706596E-003   5.7943159745907183E-009
   1.3500000000000001       0.55000000000000004        2.5543975742247983E-003  -2.5754862853383769E-008
   1.4500000000000002       0.55000000000000004        2.5544035225009108E-003  -5.0387071352183633E-008
   1.5500000000000000       0.55000000000000004        2.5543996996970487E-003  -6.9705631426053947E-008
   1.6500000000000001       0.55000000000000004        2.5543862171760901E-003  -8.4945261545628784E-008
   1.7500000000000000       0.55000000000000004        2.5543630100181226E-003  -9.7042267190137117E-008
   1.8500000000000001       0.55000000000000004        2.5543299310695020E-003  -1.0669979745597415E-007
   1.9500000000000002       0.55000000000000004        2.5542868181837085E-003  -1.1444346461704999E-007
   2.0500000000000003       0.55000000000000004        2.5542335427148379E-003  -1.2066670877977189E-007
   2.1499999999999999       0.55000000000000004        2.5541700444933241E-003  -1.2566703731577914E-007
   2.2500000000000000       0.55000000000000004        2.5540963566417509E-003  -1.2967487261456572E-007
   2.3500000000000001       0.55000000000000004        2.5540126223651395E-003  -1.3287683002543690E-007
   2.4500000000000002       0.55000000000000004        2.5539191050428121E-003  -1.3543513901155310E-007
   2.5500000000000003       0.55000000000000004        2.5538161923976941E-003  -1.3750477285318580E-007
   2.6500000000000004       0.55000000000000004        2.5537043951144888E-003  -1.3924973879971648E-007
   2.7500000000000000       0.55000000000000004        2.5535843399412967E-003  -1.4085993365617962E-007
   2.8500000000000001       0.55000000000000004        2.5534567569763162E-003  -1.4256999738744624E-007
   2.9500000000000002       0.55000000000000004        2.5533224604484366E-003  -1.4468169170622305E-007
   3.0500000000000003       0.55000000000000004        2.5531823217716733E-003  -1.4759146065233439E-007
   3.1500000000000004       0.55000000000000004        2.5530372328834740E-003  -1.5182492588068966E-007
   3.2500000000000000       0.55000000000000004        2.5528880567132449E-003  -1.5807998024088837E-007
   3.3500000000000001       0.55000000000000004        2.5527355598495673E-003  -1.6727956649334792E-007
   3.4500000000000002       0.55000000000000004        2.5525803197865649E-003  -1.8063356779891464E-007
   3.5500000000000003       0.55000000000000004        2.5524225952057149E-003  -1.9970535944616196E-007
   3.6500000000000004       0.55000000000000004        2.5522621424463664E-003  -2.2647038009868791E-007
   3.7500000000000000       0.55000000000000004        2.5520979553313554E-003  -2.6333784815756835E-007
   3.8500000000000001       0.55000000000000004        2.5519279020796816E-003  -3.1307622276796216E-007
   3.9500000000000002       0.55000000000000004        2.5517482418704203E-003  -3.7852876172406536E-007
   4.0499999999999998       0.55000000000000004        2.5515530489428149E-003  -4.6191643708069894E-007
   4.1500000000000004       0.55000000000000004        2.5513337061638312E-003  -5.6339822080116768E-007
   4.2500000000000000       0.55000000000000004        2.5510789469271877E-003  -6.7843057044022078E-007
   4.3500000000000005       0.55000000000000004        2.5507765428489371E-003  -7.9350432665662378E-007
   4.4500000000000002       0.55000000000000004        2.5504186428818142E-003  -8.8051655842495368E-007
   4.5499999999999998       0.55000000000000004        2.5500132828999034E-003  -8.9238657963615694E-007
   4.6500000000000004       0.55000000000000004        2.5496021679266693E-003  -7.6787216656266030E-007
   4.7500000000000000       0.55000000000000004        2.5492743241969352E-003  -4.6054130320966202E-007
   4.8500000000000005       0.55000000000000004        1.2745727618347121E-003   0.0000000000000000     
  -5.0000000000000003E-002  0.65000000000000002        1.2761413333596727E-003   0.0000000000000000     
   5.0000000000000003E-002  0.65000000000000002        2.5523623480356184E-003   2.6275601697349667E-007
  0.15000000000000002       0.65000000000000002        2.5525726473385520E-003   4.5622281263095106E-007
  0.25000000000000000       0.65000000000000002        2.5528524260391514E-003   5.4945940510507032E-007
  0.35000000000000003       0.65000000000000002        2.5531454746381701E-003   5.5596806137201965E-007
  0.45000000000000001       0.65000000000000002        2.5534155527227754E-003   5.0573438017999532E-007
  0.55000000000000004       0.65000000000000002        2.5536463408072328E-003   4.2740823268523476E-007
  0.65000000000000002       0.65000000000000002        2.5538347915329508E-003   3.4145950081679019E-007
  0.75000000000000000       0.65000000000000002        2.5539845532857519E-003   2.5988195906593705E-007
  0.85000000000000009       0.65000000000000002        2.5541016032225895E-003   1.8833066491271193E-007
  0.95000000000000007       0.65000000000000002        2.5541919475984111E-003   1.2849670181488219E-007
   1.0500000000000000       0.65000000000000002        2.5542606647549859E-003   7.9934219816650888E-008
   1.1500000000000001       0.65000000000000002        2.5543116637546455E-003   4.1242618643600109E-008
   1.2500000000000000       0.65000000000000002        2.5543477644916789E-003   1.0743440608421460E-008
   1.3500000000000001       0.65000000000000002        2.5543708903532597E-003  -1.3176223259226127E-008
   1.4500000000000002       0.65000000000000002        2.5543822767835722E-003  -3.1917688596642684E-008
   1.5500000000000000       0.65000000000000002        2.5543826578281847E-003  -4.6631112721618157E-008
   1.6500000000000001       0.65000000000000002        2.5543724201525686E-003  -5.8227586094487502E-008
   1.7500000000000000       0.65000000000000002        2.5543517253282934E-003  -6.7412295589034818E-008
   1.8500000000000001       0.65000000000000002        2.5543206049393531E-003  -7.4722981590823160E-008
   1.9500000000000002       0.65000000000000002        2.5542790336197511E-003  -8.0566359227819888E-008
   2.0500000000000003       0.65000000000000002        2.5542269845172470E-003  -8.5249714538401558E-008
   2.1499999999999999       0.65000000000000002        2.5541644707588627E-003  -8.9007171012196820E-008
   2.2500000000000000       0.65000000000000002        2.5540915756073856E-003  -9.2021174740703667E-008
   2.3500000000000001       0.65000000000000002        2.5540084732464251E-003  -9.4440163077252660E-008
   2.4500000000000002       0.65000000000000002        2.5539154415221794E-003  -9.6393498372725600E-008
   2.5500000000000003       0.65000000000000002        2.5538128674756858E-003  -9.8004743094125534E-008
   2.6500000000000004       0.65000000000000002        2.5537012460833657E-003  -9.9404319452160415E-008
   2.7500000000000000       0.65000000000000002        2.5535811722483459E-003  -1.0074257685771103E-007
   2.8500000000000001       0.65000000000000002        2.5534533257126680E-003  -1.0220429796744097E-007
   2.9500000000000002       0.65000000000000002        2.5533184481544070E-003  -1.0402569634482083E-007
   3.0500000000000003       0.65000000000000002        2.5531773112564258E-003  -1.0651495619544041E-007
   3.1500000000000004       0.65000000000000002        2.5530306739491911E-003  -1.1007724852543264E-007
   3.2500000000000000       0.65000000000000002        2.5528792263125222E-003  -1.1524475848320460E-007
   3.3500000000000001       0.65000000000000002        2.5527235167767093E-003  -1.2271125707370690E-007
   3.4500000000000002       0.65000000000000002        2.5525638583882458E-003  -1.3336858091278498E-007
   3.5500000000000003       0.65000000000000002        2.5524002093180076E-003  -1.4833807501960420E-007
   3.6500000000000004       0.65000000000000002        2.5522320233166951E-003  -1.6898203797574908E-007
   3.7500000000000000       0.65000000000000002        2.5520580693847842E-003  -1.9686616117984218E-007
   3.8500000000000001       0.65000000000000002        2.5518762306396647E-003  -2.3362095780615498E-007
   3.9500000000000002       0.65000000000000002        2.5516833183668194E-003  -2.8061596523902387E-007
   4.0499999999999998       0.65000000000000002        2.5514749929444747E-003  -3.3831757498694904E-007
   4.1500000000000004       0.65000000000000002        2.5512459898427674E-003  -4.0516747886987195E-007
   4.2500000000000000       0.65000000000000002        2.5509910246249903E-003  -4.7584926603935193E-007
   4.3500000000000005       0.65000000000000002        2.5507069717827478E-003  -5.3903521515381408E-007
   4.4500000000000002       0.65000000000000002        2.5503970048828760E-003  -5.7535782933649892E-007
   4.5499999999999998       0.65000000000000002        2.5500768329829305E-003  -5.5768928412281963E-007
   4.6500000000000004       0.65000000000000002        2.5497810064883481E-003  -4.5763226708344192E-007
   4.7500000000000000       0.65000000000000002        2.5495629640823326E-003  -2.6242336491643874E-007
   4.8500000000000005       0.65000000000000002        1.2747405413096064E-003   0.0000000000000000     
  -5.0000000000000003E-002  0.75000000000000000        1.2762204720157308E-003   0.0000000000000000     
   5.0000000000000003E-002  0.75000000000000000        2.5524983332034013E-003   1.3127296725182890E-007
  0.15000000000000002       0.75000000000000000        2.5526523552818446E-003   2.4001151386837211E-007
  0.25000000000000000       0.75000000000000000        2.5528665945952767E-003   2.9891623602191627E-007
  0.35000000000000003       0.75000000000000000        2.5531058020833563E-003   3.1149187072836448E-007
  0.45000000000000001       0.75000000000000000        2.5533413387408095E-003   2.9089388279330594E-007
  0.55000000000000004       0.75000000000000000        2.5535554567354237E-003   2.5155783330112014E-007
  0.65000000000000002       0.75000000000000000        2.5537400749176377E-003   2.0501723104817450E-007
  0.75000000000000000       0.75000000000000000        2.5538936246647125E-003   1.5880637516304281E-007
  0.85000000000000009       0.75000000000000000        2.5540180892750291E-003   1.1699923709128426E-007
  0.95000000000000007       0.75000000000000000        2.5541169113090546E-003   8.1250405749367047E-008
   1.0500000000000000       0.75000000000000000        2.5541937526665200E-003   5.1762947640527742E-008
   1.1500000000000001       0.75000000000000000        2.5542518750819986E-003   2.7995566003538773E-008
   1.2500000000000000       0.75000000000000000        2.5542939051588355E-003   9.1097686647437649E-009
   1.3500000000000001       0.75000000000000000        2.5543218097733907E-003  -5.7792659374536632E-009
   1.4500000000000002       0.75000000000000000        2.5543369715243982E-003  -1.7480020430337999E-008
   1.5500000000000000       0.75000000000000000        2.5543403013093989E-003  -2.6677395263324628E-008
   1.6500000000000001       0.75000000000000000        2.5543323554343611E-003  -3.3925688675756449E-008
   1.7500000000000000       0.75000000000000000        2.5543134423004691E-003  -3.9660511069641924E-008
   1.8500000000000001       0.75000000000000000        2.5542837131952868E-003  -4.4217771966177636E-008
   1.9500000000000002       0.75000000000000000        2.5542432363946082E-003  -4.7853692477755925E-008
   2.0500000000000003       0.75000000000000000        2.5541920558107278E-003  -5.0763137161824080E-008
   2.1499999999999999       0.75000000000000000        2.5541302360792728E-003  -5.3095359867903083E-008
   2.2500000000000000       0.75000000000000000        2.5540578959730009E-003  -5.4967160945865324E-008
   2.3500000000000001       0.75000000000000000        2.5539752317436295E-003  -5.6473865511186885E-008
   2.4500000000000002       0.75000000000000000        2.5538825316073722E-003  -5.7698693059981888E-008
   2.5500000000000003       0.75000000000000000        2.5537801821884933E-003  -5.8721135218679714E-008
   2.6500000000000004       0.75000000000000000        2.5536686673453125E-003  -5.9624961266222254E-008
   2.7500000000000000       0.75000000000000000        2.5535485594255715E-003  -6.0506466941066914E-008
   2.8500000000000001       0.75000000000000000        2.5534205026231083E-003  -6.1483579674534957E-008
   2.9500000000000002       0.75000000000000000        2.5532851877249608E-003  -6.2706425126162301E-008
   3.0500000000000003       0.75000000000000000        2.5531433171474961E-003  -6.4369911461111126E-008
   3.1500000000000004       0.75000000000000000        2.5529955587873260E-003  -6.6728731893036053E-008
   3.2500000000000000       0.75000000000000000        2.5528424869344845E-003  -7.0114792349152833E-008
   3.3500000000000001       0.75000000000000000        2.5526845084874465E-003  -7.4956212751936401E-008
   3.4500000000000002       0.75000000000000000        2.5525217733286445E-003  -8.1795340816681230E-008
   3.5500000000000003       0.75000000000000000        2.5523540696410860E-003  -9.1300046805288912E-008
   3.6500000000000004       0.75000000000000000        2.5521807093826349E-003  -1.0425705064551101E-007
   3.7500000000000000       0.75000000000000000        2.5520004181280313E-003  -1.2152708867918334E-007
   3.8500000000000001       0.75000000000000000        2.5518112602186003E-003  -1.4392852659424705E-007
   3.9500000000000002       0.75000000000000000        2.5516106589254018E-003  -1.7199935257426685E-007
   4.0499999999999998       0.75000000000000000        2.5513956163057492E-003  -2.0557293252161660E-007
   4.1500000000000004       0.75000000000000000        2.5511632980038147E-003  -2.4310708239065960E-007
   4.2500000000000000       0.75000000000000000        2.5509122068037961E-003  -2.8076573203843441E-007
   4.3500000000000005       0.75000000000000000        2.5506441653876245E-003  -3.1143106454172471E-007
   4.4500000000000002       0.75000000000000000        2.5503671227934920E-003  -3.2419157048570709E-007
   4.5499999999999998       0.75000000000000000        2.5500981446955340E-003  -3.0538144849581784E-007
   4.6500000000000004       0.75000000000000000        2.5498645720514390E-003  -2.4254527035363081E-007
   4.7500000000000000       0.75000000000000000        2.5496999501448125E-003  -1.3237436728747610E-007
   4.8500000000000005       0.75000000000000000        1.2748196092755805E-003   0.0000000000000000     
  -5.0000000000000003E-002  0.85000000000000009        1.2761760323368749E-003   0.0000000000000000     
   5.0000000000000003E-002  0.85000000000000009        2.5523931971558967E-003   3.8338758122426535E-008
  0.15000000000000002       0.85000000000000009        2.5525142986486736E-003   7.4449203959654821E-008
  0.25000000000000000       0.85000000000000009        2.5526970905541593E-003   9.4710904963085569E-008
  0.35000000000000003       0.85000000000000009        2.5529106184469974E-003   1.0019859191848982E-007
  0.45000000000000001       0.85000000000000009        2.5531287665832019E-003   9.4800476780861166E-008
  0.55000000000000004       0.85000000000000009        2.5533335948871440E-003   8.2920188016328967E-008
  0.65000000000000002       0.85000000000000009        2.5535151555715796E-003   6.8252322401206736E-008
  0.75000000000000000       0.85000000000000009        2.5536696378067420E-003   5.3333029373192464E-008
  0.85000000000000009       0.85000000000000009        2.5537971390356073E-003   3.9614366916151528E-008
  0.95000000000000007       0.85000000000000009        2.5538997944348153E-003   2.7746621048318728E-008
   1.0500000000000000       0.85000000000000009        2.5539804862250125E-003   1.7874625813948038E-008
   1.1500000000000001       0.85000000000000009        2.5540420816757624E-003   9.8692084539634458E-009
   1.2500000000000000       0.85000000000000009        2.5540870569550800E-003   3.4809553162339986E-009
   1.3500000000000001       0.85000000000000009        2.5541173653017175E-003  -1.5695586189364525E-009
   1.4500000000000002       0.85000000000000009        2.5541344419660150E-003  -5.5452466696065581E-009
   1.5500000000000000       0.85000000000000009        2.5541392750999792E-003  -8.6727889201402397E-009
   1.6500000000000001       0.85000000000000009        2.5541325006101945E-003  -1.1137789483823897E-008
   1.7500000000000000       0.85000000000000009        2.5541144984289233E-003  -1.3087303661950986E-008
   1.8500000000000001       0.85000000000000009        2.5540854795150004E-003  -1.4635402748911664E-008
   1.9500000000000002       0.85000000000000009        2.5540455595403082E-003  -1.5869484080189241E-008
   2.0500000000000003       0.85000000000000009        2.5539948186151136E-003  -1.6856244947817841E-008
   2.1499999999999999       0.85000000000000009        2.5539333479242775E-003  -1.7646910469421269E-008
   2.2500000000000000       0.85000000000000009        2.5538612846483866E-003  -1.8281654100052852E-008
   2.3500000000000001       0.85000000000000009        2.5537788365343249E-003  -1.8793315125267272E-008
   2.4500000000000002       0.85000000000000009        2.5536862972362650E-003  -1.9210588237378787E-008
   2.5500000000000003       0.85000000000000009        2.5535840532114216E-003  -1.9560884160446730E-008
   2.6500000000000004       0.85000000000000009        2.5534725825896499E-003  -1.9873066309596088E-008
   2.7500000000000000       0.85000000000000009        2.5533524460658263E-003  -2.0180267780554061E-008
   2.8500000000000001       0.85000000000000009        2.5532242694958187E-003  -2.0522991606760178E-008
   2.9500000000000002       0.85000000000000009        2.5530887175168014E-003  -2.0952689779051736E-008
   3.0500000000000003       0.85000000000000009        2.5529464571830908E-003  -2.1535992343592515E-008
   3.1500000000000004       0.85000000000000009        2.5527981103695974E-003  -2.2359689624192366E-008
   3.2500000000000000       0.85000000000000009        2.5526441936799338E-003  -2.3536412609179983E-008
   3.3500000000000001       0.85000000000000009        2.5524850450675896E-003  -2.5210625136110548E-008
   3.4500000000000002       0.85000000000000009        2.5523207378154561E-003  -2.7563904114434985E-008
   3.5500000000000003       0.85000000000000009        2.5521509857386782E-003  -3.0817334748464595E-008
   3.6500000000000004       0.85000000000000009        2.5519750497759895E-003  -3.5226912323602234E-008
   3.7500000000000000       0.85000000000000009        2.5517916673798383E-003  -4.1064828039298076E-008
   3.8500000000000001       0.85000000000000009        2.5515990445578889E-003  -4.8575328490280565E-008
   3.9500000000000002       0.85000000000000009        2.5513949777718533E-003  -5.7889110263964873E-008
   4.0499999999999998       0.85000000000000009        2.5511772077535647E-003  -6.8877433499959104E-008
   4.1500000000000004       0.85000000000000009        2.5509441395355948E-003  -8.0932527369438309E-008
   4.2500000000000000       0.85000000000000009        2.5506960642837440E-003  -9.2686413548961778E-008
   4.3500000000000005       0.85000000000000009        2.5504369315940360E-003  -1.0174293048862162E-007
   4.4500000000000002       0.85000000000000009        2.5501764622020960E-003  -1.0460686981475069E-007
   4.5499999999999998       0.85000000000000009        2.5499319077678826E-003  -9.7109573480356646E-008
   4.6500000000000004       0.85000000000000009        2.5497282274672983E-003  -7.5568545501095702E-008
   4.7500000000000000       0.85000000000000009        2.5495949323427903E-003  -3.8962402623657823E-008
   4.8500000000000005       0.85000000000000009        1.2747748439524090E-003   0.0000000000000000     
