  -5.0000000000000003E-002  -5.0000000000000003E-002   1.2212130982430867E-003   0.0000000000000000     
   5.0000000000000003E-002  -5.0000000000000003E-002   2.2227685674628813E-003   2.1966386446042399E-004
  0.15000000000000002       -5.0000000000000003E-002   1.8857705265416286E-003   1.1735280015280018E-004
  0.25000000000000000       -5.0000000000000003E-002   1.7197869694982810E-003   4.8661522661046760E-005
  0.35000000000000003       -5.0000000000000003E-002   1.6514177923533243E-003   1.9750156836781771E-005
  0.45000000000000001       -5.0000000000000003E-002   1.6228348810645404E-003   8.8864347721585736E-006
  0.55000000000000004       -5.0000000000000003E-002   1.6093383244927546E-003   4.6742769344177921E-006
  0.65000000000000002       -5.0000000000000003E-002   1.6019423368177814E-003   2.7955039473929947E-006
  0.75000000000000000       -5.0000000000000003E-002   1.5974284656479392E-003   1.8008411689848681E-006
  0.85000000000000009       -5.0000000000000003E-002   1.5945112529713401E-003   1.2064631071958928E-006
  0.95000000000000007       -5.0000000000000003E-002   1.5925730222606637E-003   8.2832443874499502E-007
   1.0500000000000000       -5.0000000000000003E-002   1.5912664083205378E-003   5.8008756334470530E-007
   1.1500000000000001       -5.0000000000000003E-002   1.5903780596664412E-003   4.1402354002634789E-007
   1.2500000000000000       -5.0000000000000003E-002   1.5897710684293406E-003   3.0138433841961067E-007
   1.3500000000000001       -5.0000000000000003E-002   1.5893553468192816E-003   2.2408442280728371E-007
   1.4500000000000002       -5.0000000000000003E-002   1.5890705932228113E-003   1.7042960483895656E-007
   1.5500000000000000       -5.0000000000000003E-002   1.5888759405423641E-003   1.3270569653143515E-007
   1.6500000000000001       -5.0000000000000003E-002   1.5887434455346885E-003   1.0574828916205468E-007
   1.7500000000000000       -5.0000000000000003E-002   1.5886538867370870E-003   8.6063512122190497E-008
   1.8500000000000001       -5.0000000000000003E-002   1.5885939977867986E-003   7.1270717371033183E-008
   1.9500000000000002       -5.0000000000000003E-002   1.5885546193834777E-003   5.9739720192752016E-008
   2.0500000000000003       -5.0000000000000003E-002   1.5885294540129746E-003   5.0349122333562344E-008
   2.1499999999999999       -5.0000000000000003E-002   1.5885142250486972E-003   4.2321722167441067E-008
   2.2500000000000000       -5.0000000000000003E-002   1.5885061132474504E-003   3.5109638630038987E-008
   2.3500000000000001       -5.0000000000000003E-002   1.5885033888010784E-003   2.8311412387331838E-008
   2.4500000000000002       -5.0000000000000003E-002   1.5885051869335353E-003   2.1609029214603511E-008
   2.5500000000000003       -5.0000000000000003E-002   1.5885113958669448E-003   1.4716124839822191E-008
   2.6500000000000004       -5.0000000000000003E-002   1.5885226417227643E-003   7.3304085548491218E-009
   2.7500000000000000       -5.0000000000000003E-002   1.5885403682379578E-003  -9.1600616380020999E-010
   2.8500000000000001       -5.0000000000000003E-002   1.5885670221754047E-003  -1.0515012585715616E-008
   2.9500000000000002       -5.0000000000000003E-002   1.5886063700490526E-003  -2.2157717770696960E-008
   3.0500000000000003       -5.0000000000000003E-002   1.5886639907391814E-003  -3.6837309458038072E-008
   3.1500000000000004       -5.0000000000000003E-002   1.5887480152617444E-003  -5.5995373041708375E-008
   3.2500000000000000       -5.0000000000000003E-002   1.5888702249961418E-003  -8.1735876681512490E-008
   3.3500000000000001       -5.0000000000000003E-002   1.5890476827216510E-003  -1.1714562338916211E-007
   3.4500000000000002       -5.0000000000000003E-002   1.5893051743065257E-003  -1.6678583939761378E-007
   3.5500000000000003       -5.0000000000000003E-002   1.5896789155029245E-003  -2.3746681689073234E-007
   3.6500000000000004       -5.0000000000000003E-002   1.5902222910251652E-003  -3.3950639981691591E-007
   3.7500000000000000       -5.0000000000000003E-002   1.5910149690768771E-003  -4.8884749896672179E-007
   3.8500000000000001       -5.0000000000000003E-002   1.5921778672747717E-003  -7.1079222387967589E-007
   3.9500000000000002       -5.0000000000000003E-002   1.5938990543300521E-003  -1.0472034536760331E-006
   4.0499999999999998       -5.0000000000000003E-002   1.5964836139410494E-003  -1.5732651185653080E-006
   4.1500000000000004       -5.0000000000000003E-002   1.6004705643842749E-003  -2.4477769600932091E-006
   4.2500000000000000       -5.0000000000000003E-002   1.6069747237989387E-003  -4.0878045209276437E-006
   4.3500000000000005       -5.0000000000000003E-002   1.6187944367106275E-003  -7.7598891797451161E-006
   4.4500000000000002       -5.0000000000000003E-002   1.6438539230549454E-003  -1.7323459150914172E-005
   4.5499999999999998       -5.0000000000000003E-002   1.7043739269735616E-003  -4.3215716565208732E-005
   4.6500000000000004       -5.0000000000000003E-002   1.8535182770646008E-003  -1.0594265995286143E-004
   4.7500000000000000       -5.0000000000000003E-002   2.1611322294383694E-003  -2.0167984244787176E-004
   4.8500000000000005       -5.0000000000000003E-002   1.1814045996894119E-003   0.0000000000000000     
  -5.0000000000000003E-002   5.0000000000000003E-002   3.8698378324975302E-003   0.0000000000000000     
   5.0000000000000003E-002   5.0000000000000003E-002   7.6682003881930940E-003   5.1080924115618127E-004
  0.15000000000000002        5.0000000000000003E-002   7.4907358840503400E-003   3.4070721589374975E-004
  0.25000000000000000        5.0000000000000003E-002   7.3058779692919762E-003   1.7621011024426811E-004
  0.35000000000000003        5.0000000000000003E-002   7.1794913562307225E-003   8.7042364139962552E-005
  0.45000000000000001        5.0000000000000003E-002   7.1048919874755921E-003   4.4883868121041474E-005
  0.55000000000000004        5.0000000000000003E-002   7.0621049115166309E-003   2.5088786347591030E-005
  0.65000000000000002        5.0000000000000003E-002   7.0368756374499311E-003   1.5153842645783681E-005
  0.75000000000000000        5.0000000000000003E-002   7.0213225835365316E-003   9.6743753982838771E-006
  0.85000000000000009        5.0000000000000003E-002   7.0113541413891504E-003   6.3987668483278243E-006
  0.95000000000000007        5.0000000000000003E-002   7.0047888398301339E-003   4.3326665818541826E-006
   1.0500000000000000        5.0000000000000003E-002   7.0003898336811442E-003   2.9849615748762157E-006
   1.1500000000000001        5.0000000000000003E-002   6.9974125517949133E-003   2.0863049074370050E-006
   1.2500000000000000        5.0000000000000003E-002   6.9953877266871745E-003   1.4777525379952990E-006
   1.3500000000000001        5.0000000000000003E-002   6.9940098270267637E-003   1.0608317357890814E-006
   1.4500000000000002        5.0000000000000003E-002   6.9930753557628034E-003   7.7242795558064731E-007
   1.5500000000000000        5.0000000000000003E-002   6.9924465970218263E-003   5.7108395206900718E-007
   1.6500000000000001        5.0000000000000003E-002   6.9920293032694272E-003   4.2907669565484853E-007
   1.7500000000000000        5.0000000000000003E-002   6.9917584792092953E-003   3.2762392032794791E-007
   1.8500000000000001        5.0000000000000003E-002   6.9915890927123459E-003   2.5387626881280811E-007
   1.9500000000000002        5.0000000000000003E-002   6.9914898968734375E-003   1.9897243850668401E-007
   2.0500000000000003        5.0000000000000003E-002   6.9914392761842503E-003   1.5674937238923853E-007
   2.1499999999999999        5.0000000000000003E-002   6.9914224436761121E-003   1.2286667565986492E-007
   2.2500000000000000        5.0000000000000003E-002   6.9914295623248494E-003   9.4196933837894734E-008
   2.3500000000000001        5.0000000000000003E-002   6.9914545175442828E-003   6.8386537158712789E-008
   2.4500000000000002        5.0000000000000003E-002   6.9914941679345595E-003   4.3522520371949827E-008
   2.5500000000000003        5.0000000000000003E-002   6.9915479709860536E-003   1.7858821078749534E-008
   2.6500000000000004        5.0000000000000003E-002   6.9916179327180698E-003  -1.0435092973851031E-008
   2.7500000000000000        5.0000000000000003E-002   6.9917088743462075E-003  -4.3536802132440025E-008
   2.8500000000000001        5.0000000000000003E-002   6.9918290521665694E-003  -8.4280120109889736E-008
   2.9500000000000002        5.0000000000000003E-002   6.9919912158648055E-003  -1.3655387276749140E-007
   3.0500000000000003        5.0000000000000003E-002   6.9922142538373635E-003  -2.0584846320371816E-007
   3.1500000000000004        5.0000000000000003E-002   6.9925256640625474E-003  -3.0003525397734401E-007
   3.2500000000000000        5.0000000000000003E-002   6.9929652254605412E-003  -4.3051012170221088E-007
   3.3500000000000001        5.0000000000000003E-002   6.9935904625241397E-003  -6.1391367608186152E-007
   3.4500000000000002        5.0000000000000003E-002   6.9944848606419696E-003  -8.7478720204610001E-007
   3.5500000000000003        5.0000000000000003E-002   6.9957704298928003E-003  -1.2497987761961782E-006
   3.6500000000000004        5.0000000000000003E-002   6.9976274006645365E-003  -1.7947160773255816E-006
   3.7500000000000000        5.0000000000000003E-002   7.0003261668621667E-003  -2.5964337186453611E-006
   3.8500000000000001        5.0000000000000003E-002   7.0042815110520221E-003  -3.7949313961933614E-006
   3.9500000000000002        5.0000000000000003E-002   7.0101502958730775E-003  -5.6266533580403843E-006
   4.0499999999999998        5.0000000000000003E-002   7.0190205727432876E-003  -8.5204695759334687E-006
   4.1500000000000004        5.0000000000000003E-002   7.0328043153992607E-003  -1.3339448833818187E-005
   4.2500000000000000        5.0000000000000003E-002   7.0550771558013344E-003  -2.2035976561366042E-005
   4.3500000000000005        5.0000000000000003E-002   7.0927344241201529E-003  -3.9344659916798793E-005
   4.4500000000000002        5.0000000000000003E-002   7.1583405533503378E-003  -7.6452027934916661E-005
   4.5499999999999998        5.0000000000000003E-002   7.2697828655970496E-003  -1.5608780752073375E-004
   4.6500000000000004        5.0000000000000003E-002   7.4336198458639898E-003  -3.0607995219424197E-004
   4.7500000000000000        5.0000000000000003E-002   7.5912113799309509E-003  -4.6676513669196120E-004
   4.8500000000000005        5.0000000000000003E-002   3.8273069796114158E-003   0.0000000000000000     
  -5.0000000000000003E-002  0.15000000000000002        5.0255026033254298E-003   0.0000000000000000     
   5.0000000000000003E-002  0.15000000000000002        1.0103066134675811E-002   5.3023606079580796E-004
  0.15000000000000002       0.15000000000000002        1.0154789536950766E-002   4.4705874547110077E-004
  0.25000000000000000       0.15000000000000002        1.0130029465946863E-002   2.7953809791284018E-004
  0.35000000000000003       0.15000000000000002        1.0080137033351089E-002   1.6007842675514508E-004
  0.45000000000000001       0.15000000000000002        1.0035161703120450E-002   9.1529865032475308E-005
  0.55000000000000004       0.15000000000000002        1.0002125797159351E-002   5.4394081507432302E-005
  0.65000000000000002       0.15000000000000002        9.9794789844697661E-003   3.3872220520486668E-005
  0.75000000000000000       0.15000000000000002        9.9642382196313307E-003   2.1914764018110168E-005
  0.85000000000000009       0.15000000000000002        9.9539764495575993E-003   1.4568773485762965E-005
  0.95000000000000007       0.15000000000000002        9.9470262686927984E-003   9.8712558656254493E-006
   1.0500000000000000       0.15000000000000002        9.9422929846052673E-003   6.7822584709344617E-006
   1.1500000000000001       0.15000000000000002        9.9390596807098133E-003   4.7111185062722445E-006
   1.2500000000000000       0.15000000000000002        9.9368511881703387E-003   3.3030896818178971E-006
   1.3500000000000001       0.15000000000000002        9.9353480461094653E-003   2.3360304292532301E-006
   1.4500000000000002       0.15000000000000002        9.9343328039545199E-003   1.6664633607357418E-006
   1.5500000000000000       0.15000000000000002        9.9336560032272994E-003   1.1995730807173644E-006
   1.6500000000000001       0.15000000000000002        9.9332141678845770E-003   8.7163445091233948E-007
   1.7500000000000000       0.15000000000000002        9.9329352869976292E-003   6.3927696365568231E-007
   1.8500000000000001       0.15000000000000002        9.9327690920343378E-003   4.7269510188291216E-007
   1.9500000000000002       0.15000000000000002        9.9326804745978811E-003   3.5123082262495665E-007
   2.0500000000000003       0.15000000000000002        9.9326450034314170E-003   2.6042967860200877E-007
   2.1499999999999999       0.15000000000000002        9.9326458710638308E-003   1.9003491496813769E-007
   2.2500000000000000       0.15000000000000002        9.9326718334008957E-003   1.3258675699244890E-007
   2.3500000000000001       0.15000000000000002        9.9327158567759071E-003   8.2411278604247098E-008
   2.4500000000000002       0.15000000000000002        9.9327742890930847E-003   3.4852190364436039E-008
   2.5500000000000003       0.15000000000000002        9.9328464443090292E-003  -1.4360949537027983E-008
   2.6500000000000004       0.15000000000000002        9.9329345451208174E-003  -6.9693074989051591E-008
   2.7500000000000000       0.15000000000000002        9.9330440161546994E-003  -1.3640961396543994E-007
   2.8500000000000001       0.15000000000000002        9.9331841662820605E-003  -2.2128936625457440E-007
   2.9500000000000002       0.15000000000000002        9.9333693508414315E-003  -3.3354252718096860E-007
   3.0500000000000003       0.15000000000000002        9.9336207706752326E-003  -4.8606620228557398E-007
   3.1500000000000004       0.15000000000000002        9.9339691562635706E-003  -6.9722954640062890E-007
   3.2500000000000000       0.15000000000000002        9.9344587191782935E-003  -9.9348305793811604E-007
   3.3500000000000001       0.15000000000000002        9.9351529581827042E-003  -1.4132642316516322E-006
   3.4500000000000002       0.15000000000000002        9.9361432331583743E-003  -2.0129893622163002E-006
   3.5500000000000003       0.15000000000000002        9.9375615558133547E-003  -2.8765113022585293E-006
   3.6500000000000004       0.15000000000000002        9.9395999555379772E-003  -4.1305692939775677E-006
   3.7500000000000000       0.15000000000000002        9.9425403593624510E-003  -5.9711020750405164E-006
   3.8500000000000001       0.15000000000000002        9.9468016645463016E-003  -8.7103953221757765E-006
   3.9500000000000002       0.15000000000000002        9.9530150374068180E-003  -1.2866964221445887E-005
   4.0499999999999998       0.15000000000000002        9.9621429302921127E-003  -1.9350146260729849E-005
   4.1500000000000004       0.15000000000000002        9.9756499158728633E-003  -2.9868683536074238E-005
   4.2500000000000000       0.15000000000000002        9.9956664646893550E-003  -4.7858975101241236E-005
   4.3500000000000005       0.15000000000000002        1.0024808761032422E-002  -8.0377187520949093E-005
   4.4500000000000002       0.15000000000000002        1.0064427480363722E-002  -1.4069207278411794E-004
   4.5499999999999998       0.15000000000000002        1.0108248409577745E-002  -2.4714934766290037E-004
   4.6500000000000004       0.15000000000000002        1.0129190025646929E-002  -3.9982506119544875E-004
   4.7500000000000000       0.15000000000000002        1.0080358470728669E-002  -4.8179710686496540E-004
   4.8500000000000005       0.15000000000000002        5.0159910583022441E-003   0.0000000000000000     
  -5.0000000000000003E-002  0.25000000000000000        5.5469969432703527E-003   0.0000000000000000     
   5.0000000000000003E-002  0.25000000000000000        1.1172524015149706E-002   3.9965747501761366E-004
  0.15000000000000002       0.25000000000000000        1.1301814981741442E-002   3.9666020971130866E-004
  0.25000000000000000       0.25000000000000000        1.1370512190145470E-002   2.8606102772240808E-004
  0.35000000000000003       0.25000000000000000        1.1389111324916530E-002   1.8493379935049842E-004
  0.45000000000000001       0.25000000000000000        1.1384430470482172E-002   1.1643803758440611E-004
  0.55000000000000004       0.25000000000000000        1.1372945827762670E-002   7.4134767717634587E-005
  0.65000000000000002       0.25000000000000000        1.1361610614440550E-002   4.8261146520517627E-005
  0.75000000000000000       0.25000000000000000        1.1352463159743649E-002   3.2079005207575618E-005
  0.85000000000000009       0.25000000000000000        1.1345633838009595E-002   2.1675807044255851E-005
  0.95000000000000007       0.25000000000000000        1.1340711628631204E-002   1.4829725945775942E-005
   1.0500000000000000       0.25000000000000000        1.1337229363521883E-002   1.0242933424603056E-005
   1.1500000000000001       0.25000000000000000        1.1334796167327551E-002   7.1284682464849059E-006
   1.2500000000000000       0.25000000000000000        1.1333114591198391E-002   4.9926415954460506E-006
   1.3500000000000001       0.25000000000000000        1.1331966776336889E-002   3.5169294443043794E-006
   1.4500000000000002       0.25000000000000000        1.1331195880840438E-002   2.4912225692718976E-006
   1.5500000000000000       0.25000000000000000        1.1330689908053979E-002   1.7745523477144623E-006
   1.6500000000000001       0.25000000000000000        1.1330369200395150E-002   1.2711158757858122E-006
   1.7500000000000000       0.25000000000000000        1.1330177218546109E-002   9.1516403452697680E-007
   1.8500000000000001       0.25000000000000000        1.1330073896545879E-002   6.6121532695180756E-007
   1.9500000000000002       0.25000000000000000        1.1330030914561156E-002   4.7757388599697379E-007
   2.0500000000000003       0.25000000000000000        1.1330028367737692E-002   3.4195137546160747E-007
   2.1499999999999999       0.25000000000000000        1.1330052443252171E-002   2.3845368765480380E-007
   2.2500000000000000       0.25000000000000000        1.1330093826998074E-002   1.5546090791554843E-007
   2.3500000000000001       0.25000000000000000        1.1330146645510419E-002   8.4088369802937835E-008
   2.4500000000000002       0.25000000000000000        1.1330207812643205E-002   1.7012750910420166E-008
   2.5500000000000003       0.25000000000000000        1.1330276699846565E-002  -5.2495767332141614E-008
   2.6500000000000004       0.25000000000000000        1.1330355088824875E-002  -1.3146324859944701E-007
   2.7500000000000000       0.25000000000000000        1.1330447400413144E-002  -2.2814017488209985E-007
   2.8500000000000001       0.25000000000000000        1.1330561227783373E-002  -3.5309038234199305E-007
   2.9500000000000002       0.25000000000000000        1.1330708239586975E-002  -5.2058747550797448E-007
   3.0500000000000003       0.25000000000000000        1.1330905563589920E-002  -7.5051362655563396E-007
   3.1500000000000004       0.25000000000000000        1.1331177818453777E-002  -1.0710387323011373E-006
   3.2500000000000000       0.25000000000000000        1.1331560035575587E-002  -1.5224967569513854E-006
   3.3500000000000001       0.25000000000000000        1.1332101808490763E-002  -2.1631098022145436E-006
   3.4500000000000002       0.25000000000000000        1.1332873123339793E-002  -3.0776131599248075E-006
   3.5500000000000003       0.25000000000000000        1.1333972441051755E-002  -4.3905505698425882E-006
   3.6500000000000004       0.25000000000000000        1.1335537642790588E-002  -6.2873266522412981E-006
   3.7500000000000000       0.25000000000000000        1.1337760158877401E-002  -9.0486160946780535E-006
   3.8500000000000001       0.25000000000000000        1.1340901174736047E-002  -1.3108685170534208E-005
   3.9500000000000002       0.25000000000000000        1.1345303755802595E-002  -1.9158245327451345E-005
   4.0499999999999998       0.25000000000000000        1.1351378408229069E-002  -2.8333228182757670E-005
   4.1500000000000004       0.25000000000000000        1.1359489821197609E-002  -4.2572183242682717E-005
   4.2500000000000000       0.25000000000000000        1.1369538436734019E-002  -6.5283483706825711E-005
   4.3500000000000005       0.25000000000000000        1.1379761601234077E-002  -1.0237410118420047E-004
   4.4500000000000002       0.25000000000000000        1.1384031355786181E-002  -1.6263135684854713E-004
   4.5499999999999998       0.25000000000000000        1.1367581622060601E-002  -2.5261960257963548E-004
   4.6500000000000004       0.25000000000000000        1.1305871614116385E-002  -3.5361446718336527E-004
   4.7500000000000000       0.25000000000000000        1.1188285576552626E-002  -3.6160720840380301E-004
   4.8500000000000005       0.25000000000000000        5.5582331436079754E-003   0.0000000000000000     
  -5.0000000000000003E-002  0.35000000000000003        5.7793376427200081E-003   0.0000000000000000     
   5.0000000000000003E-002  0.35000000000000003        1.1621816116980403E-002   2.5799898571986842E-004
  0.15000000000000002       0.35000000000000003        1.1740511065708942E-002   2.9037003100520651E-004
  0.25000000000000000       0.35000000000000003        1.1828426093374316E-002   2.3580050178876531E-004
  0.35000000000000003       0.35000000000000003        1.1875424117623523E-002   1.6968217081618202E-004
  0.45000000000000001       0.35000000000000003        1.1895062848276825E-002   1.1683915034694903E-004
  0.55000000000000004       0.35000000000000003        1.1900813179703764E-002   7.9596276287404388E-005
  0.65000000000000002       0.35000000000000003        1.1900773652995378E-002   5.4321964131977160E-005
  0.75000000000000000       0.35000000000000003        1.1898830464332249E-002   3.7273778557214040E-005
  0.85000000000000009       0.35000000000000003        1.1896595118459672E-002   2.5725884183869121E-005
  0.95000000000000007       0.35000000000000003        1.1894640078450269E-002   1.7850011528284011E-005
   1.0500000000000000       0.35000000000000003        1.1893106678241460E-002   1.2441908933429712E-005
   1.1500000000000001       0.35000000000000003        1.1891974355244575E-002   8.7065364675391651E-006
   1.2500000000000000       0.35000000000000003        1.1891173176042113E-002   6.1141616251201905E-006
   1.3500000000000001       0.35000000000000003        1.1890627865681225E-002   4.3080285775460507E-006
   1.4500000000000002       0.35000000000000003        1.1890272920632314E-002   3.0454844891094386E-006
   1.5500000000000000       0.35000000000000003        1.1890056042900636E-002   2.1601058456546813E-006
   1.6500000000000001       0.35000000000000003        1.1889937249591634E-002   1.5369809769538289E-006
   1.7500000000000000       0.35000000000000003        1.1889886707162947E-002   1.0963289158233765E-006
   1.8500000000000001       0.35000000000000003        1.1889882483948616E-002   7.8248594242538827E-007
   1.9500000000000002       0.35000000000000003        1.1889908628666235E-002   5.5640436018483415E-007
   2.0500000000000003       0.35000000000000003        1.1889953662768611E-002   3.9048035406801431E-007
   2.1499999999999999       0.35000000000000003        1.1890009455970399E-002   2.6493957722873187E-007
   2.2500000000000000       0.35000000000000003        1.1890070420714476E-002   1.6526550994328248E-007
   2.3500000000000001       0.35000000000000003        1.1890132961817925E-002   8.0317263735911732E-008
   2.4500000000000002       0.35000000000000003        1.1890195130208574E-002   8.8542495084956842E-010
   2.5500000000000003       0.35000000000000003        1.1890256445647656E-002  -8.1502924606407206E-008
   2.6500000000000004       0.35000000000000003        1.1890317869486853E-002  -1.7568410562311363E-007
   2.7500000000000000       0.35000000000000003        1.1890381924141616E-002  -2.9200366160066993E-007
   2.8500000000000001       0.35000000000000003        1.1890452971300602E-002  -4.4365548575535182E-007
   2.9500000000000002       0.35000000000000003        1.1890537676188433E-002  -6.4838864007221579E-007
   3.0500000000000003       0.35000000000000003        1.1890645699907469E-002  -9.3080868906970501E-007
   3.1500000000000004       0.35000000000000003        1.1890790673266434E-002  -1.3255880145931575E-006
   3.2500000000000000       0.35000000000000003        1.1890991505748771E-002  -1.8820398866701843E-006
   3.3500000000000001       0.35000000000000003        1.1891274053178047E-002  -2.6707343226723031E-006
   3.4500000000000002       0.35000000000000003        1.1891673062562134E-002  -3.7931923689774208E-006
   3.5500000000000003       0.35000000000000003        1.1892234030916087E-002  -5.3962800758353898E-006
   3.6500000000000004       0.35000000000000003        1.1893013926239959E-002  -7.6938893209951658E-006
   3.7500000000000000       0.35000000000000003        1.1894078099873820E-002  -1.1000094562638208E-005
   3.8500000000000001       0.35000000000000003        1.1895486978340282E-002  -1.5780583803302953E-005
   3.9500000000000002       0.35000000000000003        1.1897257564814880E-002  -2.2733131214841273E-005
   4.0499999999999998       0.35000000000000003        1.1899265490340394E-002  -3.2912737917782786E-005
   4.1500000000000004       0.35000000000000003        1.1901011401630929E-002  -4.7918180803510921E-005
   4.2500000000000000       0.35000000000000003        1.1901093596037140E-002  -7.0131140009366632E-005
   4.3500000000000005       0.35000000000000003        1.1896126342529243E-002  -1.0283831726569114E-004
   4.4500000000000002       0.35000000000000003        1.1878989663966211E-002  -1.4934794057186272E-004
   4.5499999999999998       0.35000000000000003        1.1837609564695239E-002  -2.0811152932975649E-004
   4.6500000000000004       0.35000000000000003        1.1759312154287422E-002  -2.5814317484436290E-004
   4.7500000000000000       0.35000000000000003        1.1652156129567043E-002  -2.3235353845740369E-004
   4.8500000000000005       0.35000000000000003        5.7973580019804937E-003   0.0000000000000000     
  -5.0000000000000003E-002  0.45000000000000001        5.8813293711210638E-003   0.0000000000000000     
   5.0000000000000003E-002  0.45000000000000001        1.1803479355717971E-002   1.5405001155390760E-004
  0.15000000000000002       0.45000000000000001        1.1886926147796312E-002   1.9221451167663752E-004
  0.25000000000000000       0.45000000000000001        1.1960112437572562E-002   1.7291623509863295E-004
  0.35000000000000003       0.45000000000000001        1.2009088028055989E-002   1.3667782731670931E-004
  0.45000000000000001       0.45000000000000001        1.2037617713377852E-002   1.0178243830675636E-004
  0.55000000000000004       0.45000000000000001        1.2053011534823473E-002   7.3637145480887848E-005
  0.65000000000000002       0.45000000000000001        1.2060968448640064E-002   5.2511293965114721E-005
  0.75000000000000000       0.45000000000000001        1.2064982511601178E-002   3.7178522009513999E-005
  0.85000000000000009       0.45000000000000001        1.2066985340634944E-002   2.6233840433865545E-005
  0.95000000000000007       0.45000000000000001        1.2067989819080518E-002   1.8485730156119306E-005
   1.0500000000000000       0.45000000000000001        1.2068510499404326E-002   1.3022505942606663E-005
   1.1500000000000001       0.45000000000000001        1.2068802907790941E-002   9.1773785855478771E-006
   1.2500000000000000       0.45000000000000001        1.2068991301559194E-002   6.4729378384516021E-006
   1.3500000000000001       0.45000000000000001        1.2069134537971014E-002   4.5708202319366056E-006
   1.4500000000000002       0.45000000000000001        1.2069259349997587E-002   3.2323463433425562E-006
   1.5500000000000000       0.45000000000000001        1.2069376938294215E-002   2.2894983054345384E-006
   1.6500000000000001       0.45000000000000001        1.2069491161957067E-002   1.6240757749737332E-006
   1.7500000000000000       0.45000000000000001        1.2069602542848074E-002   1.1529013419269820E-006
   1.8500000000000001       0.45000000000000001        1.2069710200637043E-002   8.1736920720658795E-007
   1.9500000000000002       0.45000000000000001        1.2069812773337098E-002   5.7606748543020420E-007
   2.0500000000000003       0.45000000000000001        1.2069908845461714E-002   3.9955772071132503E-007
   2.1499999999999999       0.45000000000000001        1.2069997140562600E-002   2.6665748172795785E-007
   2.2500000000000000       0.45000000000000001        1.2070076603359457E-002   1.6175903779161157E-007
   2.3500000000000001       0.45000000000000001        1.2070146431790130E-002   7.2847307635983325E-008
   2.4500000000000002       0.45000000000000001        1.2070206087468702E-002  -1.0031600183691547E-008
   2.5500000000000003       0.45000000000000001        1.2070255297402832E-002  -9.6043114412479315E-008
   2.6500000000000004       0.45000000000000001        1.2070294051861464E-002  -1.9473740892931757E-007
   2.7500000000000000       0.45000000000000001        1.2070322598442545E-002  -3.1726969096033713E-007
   2.8500000000000001       0.45000000000000001        1.2070341427744222E-002  -4.7781997181738333E-007
   2.9500000000000002       0.45000000000000001        1.2070351238790834E-002  -6.9538965671753008E-007
   3.0500000000000003       0.45000000000000001        1.2070352858381039E-002  -9.9619947653108658E-007
   3.1500000000000004       0.45000000000000001        1.2070347060254115E-002  -1.4169885691798487E-006
   3.2500000000000000       0.45000000000000001        1.2070334172611528E-002  -2.0096269662233261E-006
   3.3500000000000001       0.45000000000000001        1.2070313246635815E-002  -2.8476159876807766E-006
   3.4500000000000002       0.45000000000000001        1.2070280325563766E-002  -4.0352784967047527E-006
   3.5500000000000003       0.45000000000000001        1.2070224887307050E-002  -5.7207466781054025E-006
   3.6500000000000004       0.45000000000000001        1.2070122605386318E-002  -8.1142312171569902E-006
   3.7500000000000000       0.45000000000000001        1.2069920744329976E-002  -1.1513416643215251E-005
   3.8500000000000001       0.45000000000000001        1.2069508966368013E-002  -1.6337844986255641E-005
   3.9500000000000002       0.45000000000000001        1.2068661698906157E-002  -2.3172806007578278E-005
   4.0499999999999998       0.45000000000000001        1.2066926579909550E-002  -3.2817687309137997E-005
   4.1500000000000004       0.45000000000000001        1.2063415741440840E-002  -4.6316487256603895E-005
   4.2500000000000000       0.45000000000000001        1.2056438892021917E-002  -6.4901022451487251E-005
   4.3500000000000005       0.45000000000000001        1.2042937544382010E-002  -8.9655795056384113E-005
   4.4500000000000002       0.45000000000000001        1.2017896477835131E-002  -1.2040044147749955E-004
   4.5499999999999998       0.45000000000000001        1.1974765128499877E-002  -1.5258592328032289E-004
   4.6500000000000004       0.45000000000000001        1.1909838134058506E-002  -1.7047242880226170E-004
   4.7500000000000000       0.45000000000000001        1.1834971747311622E-002  -1.3801897302764138E-004
   4.8500000000000005       0.45000000000000001        5.8990357812463527E-003   0.0000000000000000     
  -5.0000000000000003E-002  0.55000000000000004        5.9275603017755222E-003   0.0000000000000000     
   5.0000000000000003E-002  0.55000000000000004        1.1879321234359426E-002   8.9041238121332917E-005
  0.15000000000000002       0.55000000000000004        1.1932418819767747E-002   1.2071615493901111E-004
  0.25000000000000000       0.55000000000000004        1.1985563411157862E-002   1.1814524209960282E-004
  0.35000000000000003       0.55000000000000004        1.2027330437594821E-002   1.0079120794772737E-004
  0.45000000000000001       0.55000000000000004        1.2056626374842566E-002   7.9950795553388607E-005
  0.55000000000000004       0.55000000000000004        1.2076063135846500E-002   6.0766515824552540E-005
  0.65000000000000002       0.55000000000000004        1.2088655916272102E-002   4.4979815530095167E-005
  0.75000000000000000       0.55000000000000004        1.2096777403232140E-002   3.2739398124584359E-005
  0.85000000000000009       0.55000000000000004        1.2102054271823566E-002   2.3573449576367033E-005
  0.95000000000000007       0.55000000000000004        1.2105533715872183E-002   1.6855311853905577E-005
   1.0500000000000000       0.55000000000000004        1.2107871690185181E-002   1.1997865381382944E-005
   1.1500000000000001       0.55000000000000004        1.2109476209453898E-002   8.5166160302703516E-006
   1.2500000000000000       0.55000000000000004        1.2110602337154655E-002   6.0360118439926347E-006
   1.3500000000000001       0.55000000000000004        1.2111411357671430E-002   4.2749832384955178E-006
   1.4500000000000002       0.55000000000000004        1.2112006684965459E-002   3.0275645240644580E-006
   1.5500000000000000       0.55000000000000004        1.2112455534419992E-002   2.1448072733570310E-006
   1.6500000000000001       0.55000000000000004        1.2112802097337847E-002   1.5198978577746989E-006
   1.7500000000000000       0.55000000000000004        1.2113075668840269E-002   1.0766325705760271E-006
   1.8500000000000001       0.55000000000000004        1.2113295754827525E-002   7.6078448468283299E-007
   1.9500000000000002       0.55000000000000004        1.2113475340835577E-002   5.3375732252263983E-007
   2.0500000000000003       0.55000000000000004        1.2113623017897854E-002   3.6796542854687440E-007
   2.1499999999999999       0.55000000000000004        1.2113744379284355E-002   2.4347687104927142E-007
   2.2500000000000000       0.55000000000000004        1.2113842938233319E-002   1.4555688431198872E-007
   2.3500000000000001       0.55000000000000004        1.2113920719370237E-002   6.2833005342078090E-008
   2.4500000000000002       0.55000000000000004        1.2113978616497895E-002  -1.4133012670389023E-008
   2.5500000000000003       0.55000000000000004        1.2114016570391000E-002  -9.4037369924472960E-008
   2.6500000000000004       0.55000000000000004        1.2114033592485522E-002  -1.8593490335305037E-007
   2.7500000000000000       0.55000000000000004        1.2114027637780005E-002  -3.0038217281617377E-007
   2.8500000000000001       0.55000000000000004        1.2113995308272476E-002  -4.5076134504797309E-007
   2.9500000000000002       0.55000000000000004        1.2113931342399962E-002  -6.5494303417559343E-007
   3.0500000000000003       0.55000000000000004        1.2113827810595225E-002  -9.3748238969130995E-007
   3.1500000000000004       0.55000000000000004        1.2113672883613686E-002  -1.3325966696048639E-006
   3.2500000000000000       0.55000000000000004        1.2113448954231729E-002  -1.8882446491965640E-006
   3.3500000000000001       0.55000000000000004        1.2113129748961544E-002  -2.6717143646209897E-006
   3.4500000000000002       0.55000000000000004        1.2112675819964667E-002  -3.7772095473229856E-006
   3.5500000000000003       0.55000000000000004        1.2112027380908890E-002  -5.3359609642253070E-006
   3.6500000000000004       0.55000000000000004        1.2111092714931541E-002  -7.5292641450994949E-006
   3.7500000000000000       0.55000000000000004        1.2109729140766603E-002  -1.0604299910140061E-005
   3.8500000000000001       0.55000000000000004        1.2107711529410798E-002  -1.4891055177286417E-005
   3.9500000000000002       0.55000000000000004        1.2104680497500788E-002  -2.0814913423788183E-005
   4.0499999999999998       0.55000000000000004        1.2100059308312879E-002  -2.8891089378941048E-005
   4.1500000000000004       0.55000000000000004        1.2092928460280863E-002  -3.9669581722944909E-005
   4.2500000000000000       0.55000000000000004        1.2081860405273183E-002  -5.3565867479369296E-005
   4.3500000000000005       0.55000000000000004        1.2064770881233091E-002  -7.0456039740448472E-005
   4.4500000000000002       0.55000000000000004        1.2038998344311208E-002  -8.8834317140468533E-005
   4.5499999999999998       0.55000000000000004        1.2002187874028397E-002  -1.0424857146932826E-004
   4.6500000000000004       0.55000000000000004        1.1955145404136745E-002  -1.0686836904341919E-004
   4.7500000000000000       0.55000000000000004        1.1907777110598015E-002  -7.9405452499629322E-005
   4.8500000000000005       0.55000000000000004        5.9430290149462932E-003   0.0000000000000000     
  -5.0000000000000003E-002  0.65000000000000002        5.9504118455890164E-003   0.0000000000000000     
   5.0000000000000003E-002  0.65000000000000002        1.1915450334110034E-002   5.0226435236724668E-005
  0.15000000000000002       0.65000000000000002        1.1949630576720049E-002   7.2290377134047489E-005
  0.25000000000000000       0.65000000000000002        1.1987854378668679E-002   7.5264158015816242E-005
  0.35000000000000003       0.65000000000000002        1.2021950323976285E-002   6.7894324867286227E-005
  0.45000000000000001       0.65000000000000002        1.2049185150884765E-002   5.6424274960061502E-005
  0.55000000000000004       0.65000000000000002        1.2069658847323259E-002   4.4510889057184642E-005
  0.65000000000000002       0.65000000000000002        1.2084535657491893E-002   3.3913437901981317E-005
  0.75000000000000000       0.65000000000000002        1.2095151365828305E-002   2.5233528110661065E-005
  0.85000000000000009       0.65000000000000002        1.2102663375790832E-002   1.8470623976785959E-005
  0.95000000000000007       0.65000000000000002        1.2107967032433428E-002   1.3368150158016654E-005
   1.0500000000000000       0.65000000000000002        1.2111717592154680E-002   9.6000888802974544E-006
   1.1500000000000001       0.65000000000000002        1.2114381275988311E-002   6.8577140334171976E-006
   1.2500000000000000       0.65000000000000002        1.2116285223311625E-002   4.8816718023021216E-006
   1.3500000000000001       0.65000000000000002        1.2117657527422727E-002   3.4674926589335896E-006
   1.4500000000000002       0.65000000000000002        1.2118656810174287E-002   2.4599656305458456E-006
   1.5500000000000000       0.65000000000000002        1.2119393267564447E-002   1.7440642843492308E-006
   1.6500000000000001       0.65000000000000002        1.2119943396812936E-002   1.2358663710506019E-006
   1.7500000000000000       0.65000000000000002        1.2120360234132432E-002   8.7476099541224939E-007
   1.8500000000000001       0.65000000000000002        1.2120680458298432E-002   6.1723623926986592E-007
   1.9500000000000002       0.65000000000000002        1.2120929317562196E-002   4.3212416361317662E-007
   2.0500000000000003       0.65000000000000002        1.2121124042515911E-002   2.9704334198302299E-007
   2.1499999999999999       0.65000000000000002        1.2121276199020214E-002   1.9576468342791215E-007
   2.2500000000000000       0.65000000000000002        1.2121393290250368E-002   1.1625789954166555E-007
   2.3500000000000001       0.65000000000000002        1.2121479815750904E-002   4.9218482256402735E-008
   2.4500000000000002       0.65000000000000002        1.2121537923570317E-002  -1.3086334865399845E-008
   2.5500000000000003       0.65000000000000002        1.2121567738682630E-002  -7.7784891038394223E-008
   2.6500000000000004       0.65000000000000002        1.2121567409473987E-002  -1.5229546940634546E-007
   2.7500000000000000       0.65000000000000002        1.2121532878331407E-002  -2.4525387105739566E-007
   2.8500000000000001       0.65000000000000002        1.2121457347447446E-002  -3.6758333477621060E-007
   2.9500000000000002       0.65000000000000002        1.2121330372103199E-002  -5.3382942920477011E-007
   3.0500000000000003       0.65000000000000002        1.2121136465555887E-002  -7.6390617856697386E-007
   3.1500000000000004       0.65000000000000002        1.2120853035447859E-002  -1.0854319492626304E-006
   3.2500000000000000       0.65000000000000002        1.2120447382160355E-002  -1.5368695486052956E-006
   3.3500000000000001       0.65000000000000002        1.2119872362014695E-002  -2.1717113995208603E-006
   3.4500000000000002       0.65000000000000002        1.2119060135651293E-002  -3.0639366958948922E-006
   3.5500000000000003       0.65000000000000002        1.2117913164387657E-002  -4.3148461947807071E-006
   3.6500000000000004       0.65000000000000002        1.2116291270993397E-002  -6.0610147055264280E-006
   3.7500000000000000       0.65000000000000002        1.2113993168997058E-002  -8.4822246552484289E-006
   3.8500000000000001       0.65000000000000002        1.2110730533331693E-002  -1.1806366236707094E-005
   3.9500000000000002       0.65000000000000002        1.2106092925993815E-002  -1.6304580143967417E-005
   4.0499999999999998       0.65000000000000002        1.2099504033235991E-002  -2.2263158429479097E-005
   4.1500000000000004       0.65000000000000002        1.2090176839623394E-002  -2.9907654107313791E-005
   4.2500000000000000       0.65000000000000002        1.2077093888464245E-002  -3.9239632887617600E-005
   4.3500000000000005       0.65000000000000002        1.2059079038117515E-002  -4.9733861371226062E-005
   4.4500000000000002       0.65000000000000002        1.2035100139346317E-002  -5.9852783661002683E-005
   4.5499999999999998       0.65000000000000002        1.2005043548459987E-002  -6.6401387272470620E-005
   4.6500000000000004       0.65000000000000002        1.1971259805193956E-002  -6.3917392862343017E-005
   4.7500000000000000       0.65000000000000002        1.1940899809586316E-002  -4.4645239543150110E-005
   4.8500000000000005       0.65000000000000002        5.9639264661677793E-003   0.0000000000000000     
  -5.0000000000000003E-002  0.75000000000000000        5.9622475266919049E-003   0.0000000000000000     
   5.0000000000000003E-002  0.75000000000000000        1.1934367479632413E-002   2.5739836918762427E-005
  0.15000000000000002       0.75000000000000000        1.1958578004572853E-002   3.8423455250809694E-005
  0.25000000000000000       0.75000000000000000        1.1987954485111132E-002   4.1592328895930494E-005
  0.35000000000000003       0.75000000000000000        1.2016625181986011E-002   3.8884516431591571E-005
  0.45000000000000001       0.75000000000000000        1.2041618839744847E-002   3.3312959269519960E-005
  0.55000000000000004       0.75000000000000000        1.2061957279131513E-002   2.6938379074057109E-005
  0.65000000000000002       0.75000000000000000        1.2077783018482977E-002   2.0930984643577933E-005
  0.75000000000000000       0.75000000000000000        1.2089736335451871E-002   1.5811903806806958E-005
  0.85000000000000009       0.75000000000000000        1.2098588407488764E-002   1.1708349317745061E-005
  0.95000000000000007       0.75000000000000000        1.2105060908703278E-002   8.5473804577384351E-006
   1.0500000000000000       0.75000000000000000        1.2109757484157673E-002   6.1773193486591107E-006
   1.1500000000000001       0.75000000000000000        1.2113152703677917E-002   4.4331049248225194E-006
   1.2500000000000000       0.75000000000000000        1.2115605815055696E-002   3.1660553056861179E-006
   1.3500000000000001       0.75000000000000000        1.2117382196832565E-002   2.2539173840255508E-006
   1.4500000000000002       0.75000000000000000        1.2118674673107628E-002   1.6013025589796921E-006
   1.5500000000000000       0.75000000000000000        1.2119621725803754E-002   1.1361823356598615E-006
   1.6500000000000001       0.75000000000000000        1.2120321947106175E-002   8.0531555802131457E-007
   1.7500000000000000       0.75000000000000000        1.2120845033161581E-002   5.6989428542760442E-007
   1.8500000000000001       0.75000000000000000        1.2121239927381469E-002   4.0187497988037173E-007
   1.9500000000000002       0.75000000000000000        1.2121540743179638E-002   2.8107430321566577E-007
   2.0500000000000003       0.75000000000000000        1.2121771009936095E-002   1.9294832717669174E-007
   2.1499999999999999       0.75000000000000000        1.2121946673163901E-002   1.2692363616812549E-007
   2.2500000000000000       0.75000000000000000        1.2122078173036349E-002   7.5146892672892181E-008
   2.3500000000000001       0.75000000000000000        1.2122171835042460E-002   3.1535141688126370E-008
   2.4500000000000002       0.75000000000000000        1.2122230733297469E-002  -8.9719497119507330E-009
   2.5500000000000003       0.75000000000000000        1.2122255127866643E-002  -5.1040790790695058E-008
   2.6500000000000004       0.75000000000000000        1.2122242528090989E-002  -9.9525794162662230E-008
   2.7500000000000000       0.75000000000000000        1.2122187389860505E-002  -1.6007230508245233E-007
   2.8500000000000001       0.75000000000000000        1.2122080411671740E-002  -2.3980993834386426E-007
   2.9500000000000002       0.75000000000000000        1.2121907347815186E-002  -3.4821326788808494E-007
   3.0500000000000003       0.75000000000000000        1.2121647202905579E-002  -4.9821947023967333E-007
   3.1500000000000004       0.75000000000000000        1.2121269606220127E-002  -7.0770808226507156E-007
   3.2500000000000000       0.75000000000000000        1.2120731084115138E-002  -1.0014609392529839E-006
   3.3500000000000001       0.75000000000000000        1.2119969854725320E-002  -1.4137178974213749E-006
   3.4500000000000002       0.75000000000000000        1.2118898670360465E-002  -1.9913990922266463E-006
   3.5500000000000003       0.75000000000000000        1.2117395158241168E-002  -2.7979231961979785E-006
   3.6500000000000004       0.75000000000000000        1.2115289130127740E-002  -3.9172114430482593E-006
   3.7500000000000000       0.75000000000000000        1.2112346601719080E-002  -5.4567490639445006E-006
   3.8500000000000001       0.75000000000000000        1.2108251102220156E-002  -7.5471895726663051E-006
   3.9500000000000002       0.75000000000000000        1.2102584871780673E-002  -1.0333536138729135E-005
   4.0499999999999998       0.75000000000000000        1.2094816801760212E-002  -1.3949057449383012E-005
   4.1500000000000004       0.75000000000000000        1.2084312067245674E-002  -1.8458010110843666E-005
   4.2500000000000000       0.75000000000000000        1.2070392038833012E-002  -2.3749141336056779E-005
   4.3500000000000005       0.75000000000000000        1.2052492112867186E-002  -2.9365538092556807E-005
   4.4500000000000002       0.75000000000000000        1.2030482784426953E-002  -3.4280603620268627E-005
   4.5499999999999998       0.75000000000000000        1.2005214812596721E-002  -3.6687348127406049E-005
   4.6500000000000004       0.75000000000000000        1.1979284116612301E-002  -3.3945045564298985E-005
   4.7500000000000000       0.75000000000000000        1.1957845249025425E-002  -2.2835823672241714E-005
   4.8500000000000005       0.75000000000000000        5.9745384826999752E-003   0.0000000000000000     
  -5.0000000000000003E-002  0.85000000000000009        5.9673832131395743E-003   0.0000000000000000     
   5.0000000000000003E-002  0.85000000000000009        1.1942709484768069E-002   7.9368230517686221E-006
  0.15000000000000002       0.85000000000000009        1.1962713803915042E-002   1.2048872403184868E-005
  0.25000000000000000       0.85000000000000009        1.1988079604365867E-002   1.3286162277060236E-005
  0.35000000000000003       0.85000000000000009        1.2014046432108880E-002   1.2638163112971279E-005
  0.45000000000000001       0.85000000000000009        1.2037728861544377E-002   1.0990586002226004E-005
  0.55000000000000004       0.85000000000000009        1.2057781543706127E-002   8.9979410245660099E-006
  0.65000000000000002       0.85000000000000009        1.2073914045677854E-002   7.0607677401325781E-006
  0.75000000000000000       0.85000000000000009        1.2086432542314403E-002   5.3752549496658212E-006
  0.85000000000000009       0.85000000000000009        1.2095901770231589E-002   4.0038813677048963E-006
  0.95000000000000007       0.85000000000000009        1.2102938219737340E-002   2.9360113025323848E-006
   1.0500000000000000       0.85000000000000009        1.2108104978977463E-002   2.1289498753675465E-006
   1.1500000000000001       0.85000000000000009        1.2111871224998415E-002   1.5315336960436429E-006
   1.2500000000000000       0.85000000000000009        1.2114606874356922E-002   1.0956990208413803E-006
   1.3500000000000001       0.85000000000000009        1.2116593290510371E-002   7.8096998116397581E-007
   1.4500000000000002       0.85000000000000009        1.2118039302961967E-002   5.5528203898733989E-007
   1.5500000000000000       0.85000000000000009        1.2119097242964495E-002   3.9417534235313385E-007
   1.6500000000000001       0.85000000000000009        1.2119876819700478E-002   2.7944241535924053E-007
   1.7500000000000000       0.85000000000000009        1.2120456261075168E-002   1.9774595541072471E-007
   1.8500000000000001       0.85000000000000009        1.2120890866494004E-002   1.3941418400146882E-007
   1.9500000000000002       0.85000000000000009        1.2121219381267640E-002   9.7468555193809924E-008
   2.0500000000000003       0.85000000000000009        1.2121468644395219E-002   6.6871100181957589E-008
   2.1499999999999999       0.85000000000000009        1.2121656911568888E-002   4.3954193111168869E-008
   2.2500000000000000       0.85000000000000009        1.2121796176225141E-002   2.5990903463930976E-008
   2.3500000000000001       0.85000000000000009        1.2121893731138254E-002   1.0867404903658443E-008
   2.4500000000000002       0.85000000000000009        1.2121953141463204E-002  -3.1756540857292426E-009
   2.5500000000000003       0.85000000000000009        1.2121974738938310E-002  -1.7760958314515403E-008
   2.6500000000000004       0.85000000000000009        1.2121955694119562E-002  -3.4576249664067598E-008
   2.7500000000000000       0.85000000000000009        1.2121889675566875E-002  -5.5583220596263496E-008
   2.8500000000000001       0.85000000000000009        1.2121766057926000E-002  -8.3257338942002477E-008
   2.9500000000000002       0.85000000000000009        1.2121568590977398E-002  -1.2088475288979365E-007
   3.0500000000000003       0.85000000000000009        1.2121273385571436E-002  -1.7294631588688780E-007
   3.1500000000000004       0.85000000000000009        1.2120846007914321E-002  -2.4562318118447001E-007
   3.2500000000000000       0.85000000000000009        1.2120237402201427E-002  -3.4746101625714310E-007
   3.3500000000000001       0.85000000000000009        1.2119378291836212E-002  -4.9022557425741914E-007
   3.4500000000000002       0.85000000000000009        1.2118171665728318E-002  -6.8996065557041407E-007
   3.5500000000000003       0.85000000000000009        1.2116482993476212E-002  -9.6820013648306053E-007
   3.6500000000000004       0.85000000000000009        1.2114128043694409E-002  -1.3531519506871042E-006
   3.7500000000000000       0.85000000000000009        1.2110858813897538E-002  -1.8804019989429184E-006
   3.8500000000000001       0.85000000000000009        1.2106349482063856E-002  -2.5921883096208237E-006
   3.9500000000000002       0.85000000000000009        1.2100187021516353E-002  -3.5334636154430918E-006
   4.0499999999999998       0.85000000000000009        1.2091875896311412E-002  -4.7417526280937646E-006
   4.1500000000000004       0.85000000000000009        1.2080873592354692E-002  -6.2264596930483518E-006
   4.2500000000000000       0.85000000000000009        1.2066682897755490E-002  -7.9328128396649897E-006
   4.3500000000000005       0.85000000000000009        1.2049033549855941E-002  -9.6885542707811916E-006
   4.4500000000000002       0.85000000000000009        1.2028179350253052E-002  -1.1141783345666003E-005
   4.5499999999999998       0.85000000000000009        1.2005300602608364E-002  -1.1717792501437177E-005
   4.6500000000000004       0.85000000000000009        1.1982928714121660E-002  -1.0640069558179324E-005
   4.7500000000000000       0.85000000000000009        1.1965244888260925E-002  -7.0352062755562304E-006
   4.8500000000000005       0.85000000000000009        5.9791034047389693E-003   0.0000000000000000     
