  -5.0000000000000003E-002  -5.0000000000000003E-002   1.2819676524442839E-003   0.0000000000000000     
   5.0000000000000003E-002  -5.0000000000000003E-002   2.3268075472554846E-003   2.3713397419851298E-004
  0.15000000000000002       -5.0000000000000003E-002   1.9612725359215073E-003   1.2841960391475477E-004
  0.25000000000000000       -5.0000000000000003E-002   1.7787372455792649E-003   5.4146356359493116E-005
  0.35000000000000003       -5.0000000000000003E-002   1.7022770901081057E-003   2.2356165253919853E-005
  0.45000000000000001       -5.0000000000000003E-002   1.6698191341180347E-003   1.0155292510278467E-005
  0.55000000000000004       -5.0000000000000003E-002   1.6543945432978004E-003   5.3332301435420357E-006
  0.65000000000000002       -5.0000000000000003E-002   1.6459640308932116E-003   3.1708046098735204E-006
  0.75000000000000000       -5.0000000000000003E-002   1.6408429213336528E-003   2.0324573849941198E-006
  0.85000000000000009       -5.0000000000000003E-002   1.6375441041552048E-003   1.3560759348678593E-006
  0.95000000000000007       -5.0000000000000003E-002   1.6353572947596907E-003   9.2685750508277521E-007
   1.0500000000000000       -5.0000000000000003E-002   1.6338863373842039E-003   6.4540444172430159E-007
   1.1500000000000001       -5.0000000000000003E-002   1.6328888116747525E-003   4.5732629111882525E-007
   1.2500000000000000       -5.0000000000000003E-002   1.6322093315910035E-003   3.2994608217393037E-007
   1.3500000000000001       -5.0000000000000003E-002   1.6317457362985132E-003   2.4270244810022947E-007
   1.4500000000000002       -5.0000000000000003E-002   1.6314297302357221E-003   1.8229839527943695E-007
   1.5500000000000000       -5.0000000000000003E-002   1.6312151089938926E-003   1.3996646158249588E-007
   1.6500000000000001       -5.0000000000000003E-002   1.6310703455239745E-003   1.0984265246324818E-007
   1.7500000000000000       -5.0000000000000003E-002   1.6309738032154874E-003   8.7964747052051448E-008
   1.8500000000000001       -5.0000000000000003E-002   1.6309105850751094E-003   7.1636716020601757E-008
   1.9500000000000002       -5.0000000000000003E-002   1.6308704307937394E-003   5.9014969648157972E-008
   2.0500000000000003       -5.0000000000000003E-002   1.6308463013467462E-003   4.8832887097001920E-008
   2.1499999999999999       -5.0000000000000003E-002   1.6308334245135891E-003   4.0213463565114332E-008
   2.2500000000000000       -5.0000000000000003E-002   1.6308286561647729E-003   3.2538809203486761E-008
   2.3500000000000001       -5.0000000000000003E-002   1.6308300637430772E-003   2.5356221836580382E-008
   2.4500000000000002       -5.0000000000000003E-002   1.6308366724644924E-003   1.8307050031231176E-008
   2.5500000000000003       -5.0000000000000003E-002   1.6308483385730167E-003   1.1068359604926851E-008
   2.6500000000000004       -5.0000000000000003E-002   1.6308657319540028E-003   3.2994592782691053E-009
   2.7500000000000000       -5.0000000000000003E-002   1.6308904255850742E-003  -5.4139050555484067E-009
   2.8500000000000001       -5.0000000000000003E-002   1.6309251040979844E-003  -1.5625252114603713E-008
   2.9500000000000002       -5.0000000000000003E-002   1.6309739204850837E-003  -2.8112120487980666E-008
   3.0500000000000003       -5.0000000000000003E-002   1.6310430515212337E-003  -4.3992220453720641E-008
   3.1500000000000004       -5.0000000000000003E-002   1.6311415327741093E-003  -6.4888906697778856E-008
   3.2500000000000000       -5.0000000000000003E-002   1.6312824994828346E-003  -9.3173422556493981E-008
   3.3500000000000001       -5.0000000000000003E-002   1.6314850309450777E-003  -1.3232779630615230E-007
   3.4500000000000002       -5.0000000000000003E-002   1.6317769128668814E-003  -1.8750129753975951E-007
   3.5500000000000003       -5.0000000000000003E-002   1.6321988306728225E-003  -2.6638606721275463E-007
   3.6500000000000004       -5.0000000000000003E-002   1.6328108564510773E-003  -3.8063596723518217E-007
   3.7500000000000000       -5.0000000000000003E-002   1.6337027332599982E-003  -5.4824564267087293E-007
   3.8500000000000001       -5.0000000000000003E-002   1.6350107301576823E-003  -7.9774243003922172E-007
   3.9500000000000002       -5.0000000000000003E-002   1.6369468698518247E-003  -1.1763670104121047E-006
   4.0499999999999998       -5.0000000000000003E-002   1.6398558848021167E-003  -1.7696208449914186E-006
   4.1500000000000004       -5.0000000000000003E-002   1.6443508484382434E-003  -2.7603931925259725E-006
   4.2500000000000000       -5.0000000000000003E-002   1.6517070942101942E-003  -4.6281209739447750E-006
   4.3500000000000005       -5.0000000000000003E-002   1.6650991390738730E-003  -8.7926321209226441E-006
   4.4500000000000002       -5.0000000000000003E-002   1.6933202422646314E-003  -1.9452936041495639E-005
   4.5499999999999998       -5.0000000000000003E-002   1.7605053510557861E-003  -4.7751818438454748E-005
   4.6500000000000004       -5.0000000000000003E-002   1.9234973242097323E-003  -1.1525452228344718E-004
   4.7500000000000000       -5.0000000000000003E-002   2.2554074637757774E-003  -2.1666437306021660E-004
   4.8500000000000005       -5.0000000000000003E-002   1.2360344477831849E-003   0.0000000000000000     
  -5.0000000000000003E-002   5.0000000000000003E-002   4.0836306989309066E-003   0.0000000000000000     
   5.0000000000000003E-002   5.0000000000000003E-002   8.0824028060012387E-003   5.5913275681925413E-004
  0.15000000000000002        5.0000000000000003E-002   7.8749531184839402E-003   3.7944265369258782E-004
  0.25000000000000000        5.0000000000000003E-002   7.6606129663257102E-003   2.0006008892753759E-004
  0.35000000000000003        5.0000000000000003E-002   7.5131015236820130E-003   1.0049876305960499E-004
  0.45000000000000001        5.0000000000000003E-002   7.4253780872329291E-003   5.2301090659729804E-005
  0.55000000000000004        5.0000000000000003E-002   7.3748585643346664E-003   2.9259409341367699E-005
  0.65000000000000002        5.0000000000000003E-002   7.3450664456112943E-003   1.7614301193730758E-005
  0.75000000000000000        5.0000000000000003E-002   7.3267372927180970E-003   1.1203528075737783E-005
  0.85000000000000009        5.0000000000000003E-002   7.3150142503613522E-003   7.3862970092855792E-006
  0.95000000000000007        5.0000000000000003E-002   7.3073047163153800E-003   4.9852279048858132E-006
   1.0500000000000000        5.0000000000000003E-002   7.3021434775342765E-003   3.4218392826047476E-006
   1.1500000000000001        5.0000000000000003E-002   7.2986512986986931E-003   2.3810059819954765E-006
   1.2500000000000000        5.0000000000000003E-002   7.2962752399419782E-003   1.6773897501852640E-006
   1.3500000000000001        5.0000000000000003E-002   7.2946558858571374E-003   1.1963145726372890E-006
   1.4500000000000002        5.0000000000000003E-002   7.2935542295972386E-003   8.6433809548171658E-007
   1.5500000000000000        5.0000000000000003E-002   7.2928088050901920E-003   6.3325968329209202E-007
   1.6500000000000001        5.0000000000000003E-002   7.2923093290891373E-003   4.7088013589024063E-007
   1.7500000000000000        5.0000000000000003E-002   7.2919799176911016E-003   3.5541110183020214E-007
   1.8500000000000001        5.0000000000000003E-002   7.2917681259891832E-003   2.7196680299487372E-007
   1.9500000000000002        5.0000000000000003E-002   7.2916376637958066E-003   2.1029612516622463E-007
   2.0500000000000003        5.0000000000000003E-002   7.2915635022180614E-003   1.6327954059860900E-007
   2.1499999999999999        5.0000000000000003E-002   7.2915285749486202E-003   1.2590991854513684E-007
   2.2500000000000000        5.0000000000000003E-002   7.2915215694317470E-003   9.4584045132351703E-008
   2.3500000000000001        5.0000000000000003E-002   7.2915354846250155E-003   6.6593417036200703E-008
   2.4500000000000002        5.0000000000000003E-002   7.2915667507584651E-003   3.9738977382308677E-008
   2.5500000000000003        5.0000000000000003E-002   7.2916147887126404E-003   1.2015403584686222E-008
   2.6500000000000004        5.0000000000000003E-002   7.2916819483926764E-003  -1.8678241501223701E-008
   2.7500000000000000        5.0000000000000003E-002   7.2917738175086733E-003  -5.4840569691367879E-008
   2.8500000000000001        5.0000000000000003E-002   7.2918999429192133E-003  -9.9723782101006313E-008
   2.9500000000000002        5.0000000000000003E-002   7.2920750643403085E-003  -1.5779334647948436E-007
   3.0500000000000003        5.0000000000000003E-002   7.2923210346746252E-003  -2.3535894590416791E-007
   3.1500000000000004        5.0000000000000003E-002   7.2926697067778592E-003  -3.4147525249389823E-007
   3.2500000000000000        5.0000000000000003E-002   7.2931672263847804E-003  -4.8926459589891818E-007
   3.3500000000000001        5.0000000000000003E-002   7.2938804260175285E-003  -6.9790719019290684E-007
   3.4500000000000002        5.0000000000000003E-002   7.2949064413279554E-003  -9.9571343629946266E-007
   3.5500000000000003        5.0000000000000003E-002   7.2963874204085800E-003  -1.4250098871145829E-006
   3.6500000000000004        5.0000000000000003E-002   7.2985335852347620E-003  -2.0501952175979635E-006
   3.7500000000000000        5.0000000000000003E-002   7.3016606463289294E-003  -2.9716338506269063E-006
   3.8500000000000001        5.0000000000000003E-002   7.3062533937327768E-003  -4.3510808275838180E-006
   3.9500000000000002        5.0000000000000003E-002   7.3130806108748850E-003  -6.4623248971322184E-006
   4.0499999999999998        5.0000000000000003E-002   7.3234185742170957E-003  -9.8045870186680966E-006
   4.1500000000000004        5.0000000000000003E-002   7.3395156375131408E-003  -1.5387554714497759E-005
   4.2500000000000000        5.0000000000000003E-002   7.3655727814084136E-003  -2.5478885872653739E-005
   4.3500000000000005        5.0000000000000003E-002   7.4096242546883764E-003  -4.5442801796995500E-005
   4.4500000000000002        5.0000000000000003E-002   7.4861014726087726E-003  -8.7550017393555739E-005
   4.5499999999999998        5.0000000000000003E-002   7.6151908211346160E-003  -1.7596848576000436E-004
   4.6500000000000004        5.0000000000000003E-002   7.8040342255500219E-003  -3.3890196765190420E-004
   4.7500000000000000        5.0000000000000003E-002   7.9876116546492414E-003  -5.0852200790299994E-004
   4.8500000000000005        5.0000000000000003E-002   4.0314009875826442E-003   0.0000000000000000     
  -5.0000000000000003E-002  0.15000000000000002        5.3279167469599317E-003   0.0000000000000000     
   5.0000000000000003E-002  0.15000000000000002        1.0705991904686725E-002   5.9384537103214009E-004
  0.15000000000000002       0.15000000000000002        1.0749012303661338E-002   5.0919646154607952E-004
  0.25000000000000000       0.15000000000000002        1.0709835091258921E-002   3.2388498544116192E-004
  0.35000000000000003       0.15000000000000002        1.0646132222623774E-002   1.8797291003004536E-004
  0.45000000000000001       0.15000000000000002        1.0590595573435073E-002   1.0819403277552587E-004
  0.55000000000000004       0.15000000000000002        1.0550298279893016E-002   6.4311147214314633E-005
  0.65000000000000002       0.15000000000000002        1.0522865905585831E-002   3.9934100913138930E-005
  0.75000000000000000       0.15000000000000002        1.0504487914665081E-002   2.5755176890058990E-005
  0.85000000000000009       0.15000000000000002        1.0492151059485264E-002   1.7073977850872646E-005
  0.95000000000000007       0.15000000000000002        1.0483812710109239E-002   1.1537678400556729E-005
   1.0500000000000000       0.15000000000000002        1.0478141299146385E-002   7.9046474924644989E-006
   1.1500000000000001       0.15000000000000002        1.0474268807153965E-002   5.4732784611693781E-006
   1.2500000000000000       0.15000000000000002        1.0471622054646206E-002   3.8235129269627491E-006
   1.3500000000000001       0.15000000000000002        1.0469816918913896E-002   2.6927875019484166E-006
   1.4500000000000002       0.15000000000000002        1.0468592688390004E-002   1.9117413282855960E-006
   1.5500000000000000       0.15000000000000002        1.0467770663786400E-002   1.3685926148388618E-006
   1.6500000000000001       0.15000000000000002        1.0467227466740767E-002   9.8831137200482162E-007
   1.7500000000000000       0.15000000000000002        1.0466877482119110E-002   7.1990591168593875E-007
   1.8500000000000001       0.15000000000000002        1.0466661125055073E-002   5.2838726244329443E-007
   1.9500000000000002       0.15000000000000002        1.0466536912991025E-002   3.8954460540313412E-007
   2.0500000000000003       0.15000000000000002        1.0466476075479028E-002   2.8646686069517052E-007
   2.1499999999999999       0.15000000000000002        1.0466458888623189E-002   2.0717566866750872E-007
   2.2500000000000000       0.15000000000000002        1.0466472204811809E-002   1.4297540103018150E-007
   2.3500000000000001       0.15000000000000002        1.0466507832130075E-002   8.7264718868287932E-008
   2.4500000000000002       0.15000000000000002        1.0466561541647934E-002   3.4635982520085390E-008
   2.5500000000000003       0.15000000000000002        1.0466632568598876E-002  -1.9863477416910960E-008
   2.6500000000000004       0.15000000000000002        1.0466723540568061E-002  -8.1408596093024588E-008
   2.7500000000000000       0.15000000000000002        1.0466840822881391E-002  -1.5610323959898832E-007
   2.8500000000000001       0.15000000000000002        1.0466995327046424E-002  -2.5181192262358419E-007
   2.9500000000000002       0.15000000000000002        1.0467203890704258E-002  -3.7923218404920051E-007
   3.0500000000000003       0.15000000000000002        1.0467491416967463E-002  -5.5336322694325184E-007
   3.1500000000000004       0.15000000000000002        1.0467894070859209E-002  -7.9559661163168503E-007
   3.2500000000000000       0.15000000000000002        1.0468463991804535E-002  -1.1367749138688921E-006
   3.3500000000000001       0.15000000000000002        1.0469276228481990E-002  -1.6217725688404984E-006
   3.4500000000000002       0.15000000000000002        1.0470438996352791E-002  -2.3165254478973754E-006
   3.5500000000000003       0.15000000000000002        1.0472109008485280E-002  -3.3191280654320480E-006
   3.6500000000000004       0.15000000000000002        1.0474514740299232E-002  -4.7779660477986318E-006
   3.7500000000000000       0.15000000000000002        1.0477992433070486E-002  -6.9226263432484830E-006
   3.8500000000000001       0.15000000000000002        1.0483043042241706E-002  -1.0119427117546544E-005
   3.9500000000000002       0.15000000000000002        1.0490423808872201E-002  -1.4977901734434297E-005
   4.0499999999999998       0.15000000000000002        1.0501294146129428E-002  -2.2571256460103372E-005
   4.1500000000000004       0.15000000000000002        1.0517429610635138E-002  -3.4923513756033278E-005
   4.2500000000000000       0.15000000000000002        1.0541446658388054E-002  -5.6081655158287451E-005
   4.3500000000000005       0.15000000000000002        1.0576657496705473E-002  -9.4159760474507372E-005
   4.4500000000000002       0.15000000000000002        1.0625140172050478E-002  -1.6384188184329461E-004
   4.5499999999999998       0.15000000000000002        1.0680672230327147E-002  -2.8433731942547290E-004
   4.6500000000000004       0.15000000000000002        1.0714099235317655E-002  -4.5283227848107714E-004
   4.7500000000000000       0.15000000000000002        1.0673223668656322E-002  -5.3731107103830486E-004
   4.8500000000000005       0.15000000000000002        5.3134082643729675E-003   0.0000000000000000     
  -5.0000000000000003E-002  0.25000000000000000        5.9052788217244965E-003   0.0000000000000000     
   5.0000000000000003E-002  0.25000000000000000        1.1894099502735993E-002   4.6015753409056690E-004
  0.15000000000000002       0.25000000000000000        1.2030746140624337E-002   4.6325439512784545E-004
  0.25000000000000000       0.25000000000000000        1.2101330300303111E-002   3.3848144435563097E-004
  0.35000000000000003       0.25000000000000000        1.2117750563025286E-002   2.2074378918708268E-004
  0.45000000000000001       0.25000000000000000        1.2109445932750464E-002   1.3937143647170747E-004
  0.55000000000000004       0.25000000000000000        1.2094418245556895E-002   8.8586587732269044E-005
  0.65000000000000002       0.25000000000000000        1.2080171934299453E-002   5.7484390441631358E-005
  0.75000000000000000       0.25000000000000000        1.2068827831392705E-002   3.8091285820042796E-005
  0.85000000000000009       0.25000000000000000        1.2060414987020356E-002   2.5667000496149105E-005
  0.95000000000000007       0.25000000000000000        1.2054376191239367E-002   1.7514048725347740E-005
   1.0500000000000000       0.25000000000000000        1.2050113858153697E-002   1.2064630071168139E-005
   1.1500000000000001       0.25000000000000000        1.2047137555922864E-002   8.3724998573901109E-006
   1.2500000000000000       0.25000000000000000        1.2045078216551016E-002   5.8459676913810990E-006
   1.3500000000000001       0.25000000000000000        1.2043667609970173E-002   4.1041812297506084E-006
   1.4500000000000002       0.25000000000000000        1.2042713772481135E-002   2.8964048840936296E-006
   1.5500000000000000       0.25000000000000000        1.2042080301732381E-002   2.0547113612656520E-006
   1.6500000000000001       0.25000000000000000        1.2041670606870272E-002   1.4651755558183426E-006
   1.7500000000000000       0.25000000000000000        1.2041416413183703E-002   1.0497499706825867E-006
   1.8500000000000001       0.25000000000000000        1.2041269534987291E-002   7.5454488362739107E-007
   1.9500000000000002       0.25000000000000000        1.2041196052120307E-002   5.4207652314997622E-007
   2.0500000000000003       0.25000000000000000        1.2041172221945005E-002   3.8603927673559534E-007
   2.1499999999999999       0.25000000000000000        1.2041181637057120E-002   2.6771388827575134E-007
   2.2500000000000000       0.25000000000000000        1.2041213280133656E-002   1.7344565276311148E-007
   2.3500000000000001       0.25000000000000000        1.2041260234133882E-002   9.2818288831164053E-008
   2.4500000000000002       0.25000000000000000        1.2041318886187735E-002   1.7264782495832966E-008
   2.5500000000000003       0.25000000000000000        1.2041388524808216E-002  -6.1074823700340608E-008
   2.6500000000000004       0.25000000000000000        1.2041471279353426E-002  -1.5040134237577015E-007
   2.7500000000000000       0.25000000000000000        1.2041572393731145E-002  -2.6034875935565878E-007
   2.8500000000000001       0.25000000000000000        1.2041700868364641E-002  -4.0326640463896170E-007
   2.9500000000000002       0.25000000000000000        1.2041870550470768E-002  -5.9586532283459572E-007
   3.0500000000000003       0.25000000000000000        1.2042101808128534E-002  -8.6146047809115263E-007
   3.1500000000000004       0.25000000000000000        1.2042423994538207E-002  -1.2331392462254850E-006
   3.2500000000000000       0.25000000000000000        1.2042879002137533E-002  -1.7583518803518080E-006
   3.3500000000000001       0.25000000000000000        1.2043526328415370E-002  -2.5056978693746179E-006
   3.4500000000000002       0.25000000000000000        1.2044450228288772E-002  -3.5751620210370423E-006
   3.5500000000000003       0.25000000000000000        1.2045769694822701E-002  -5.1139090525824576E-006
   3.6500000000000004       0.25000000000000000        1.2047652110305972E-002  -7.3413246414525911E-006
   3.7500000000000000       0.25000000000000000        1.2050331159859810E-002  -1.0590019446955438E-005
   3.8500000000000001       0.25000000000000000        1.2054128075048241E-002  -1.5375540497068893E-005
   3.9500000000000002       0.25000000000000000        1.2059469520996312E-002  -2.2519940206895784E-005
   4.0499999999999998       0.25000000000000000        1.2066876296103169E-002  -3.3380275953932748E-005
   4.1500000000000004       0.25000000000000000        1.2076839252003131E-002  -5.0283015277506270E-005
   4.2500000000000000       0.25000000000000000        1.2089352292911979E-002  -7.7316778912746791E-005
   4.3500000000000005       0.25000000000000000        1.2102597738925523E-002  -1.2143833735988344E-004
   4.4500000000000002       0.25000000000000000        1.2110009050910617E-002  -1.9250622210189341E-004
   4.5499999999999998       0.25000000000000000        1.2095566509118839E-002  -2.9680178692624522E-004
   4.6500000000000004       0.25000000000000000        1.2032480295943521E-002  -4.1073733785643759E-004
   4.7500000000000000       0.25000000000000000        1.1908769901849631E-002  -4.1483756241744452E-004
   4.8500000000000005       0.25000000000000000        5.9163488253075854E-003   0.0000000000000000     
  -5.0000000000000003E-002  0.35000000000000003        6.1725239677756947E-003   0.0000000000000000     
   5.0000000000000003E-002  0.35000000000000003        1.2415588832929463E-002   3.0608721053365521E-004
  0.15000000000000002       0.35000000000000003        1.2548538960013527E-002   3.4776508720317555E-004
  0.25000000000000000       0.35000000000000003        1.2647469426957089E-002   2.8451746541024379E-004
  0.35000000000000003       0.35000000000000003        1.2700478605438031E-002   2.0536305905989932E-004
  0.45000000000000001       0.35000000000000003        1.2722415886380590E-002   1.4122651928561838E-004
  0.55000000000000004       0.35000000000000003        1.2728416870305364E-002   9.5886071623748785E-005
  0.65000000000000002       0.35000000000000003        1.2727789384798403E-002   6.5205747748419752E-005
  0.75000000000000000       0.35000000000000003        1.2725068963084341E-002   4.4598757711795809E-005
  0.85000000000000009       0.35000000000000003        1.2722128194409023E-002   3.0692573617447633E-005
  0.95000000000000007       0.35000000000000003        1.2719609708968354E-002   2.1238004577475865E-005
   1.0500000000000000       0.35000000000000003        1.2717651732482405E-002   1.4763592581719374E-005
   1.1500000000000001       0.35000000000000003        1.2716209036957946E-002   1.0302944788237458E-005
   1.2500000000000000       0.35000000000000003        1.2715184797758848E-002   7.2146855462922734E-006
   1.3500000000000001       0.35000000000000003        1.2714480750090936E-002   5.0682237367853221E-006
   1.4500000000000002       0.35000000000000003        1.2714013474922785E-002   3.5714642403810212E-006
   1.5500000000000000       0.35000000000000003        1.2713717333352883E-002   2.5245512112635192E-006
   1.6500000000000001       0.35000000000000003        1.2713542657233767E-002   1.7897976505048676E-006
   1.7500000000000000       0.35000000000000003        1.2713452690989785E-002   1.2718176861568276E-006
   1.8500000000000001       0.35000000000000003        1.2713420609322927E-002   9.0420340101784657E-007
   1.9500000000000002       0.35000000000000003        1.2713427033082760E-002   6.4047167623142826E-007
   2.0500000000000003       0.35000000000000003        1.2713458107812383E-002   4.4783617738723140E-007
   2.1499999999999999       0.35000000000000003        1.2713504083267426E-002   3.0286528061383773E-007
   2.2500000000000000       0.35000000000000003        1.2713558301653634E-002   1.8840050944163071E-007
   2.3500000000000001       0.35000000000000003        1.2713616508818944E-002   9.1307389374664318E-008
   2.4500000000000002       0.35000000000000003        1.2713676421496291E-002   7.5488244239354078E-010
   2.5500000000000003       0.35000000000000003        1.2713737505203665E-002  -9.3204228854369773E-008
   2.6500000000000004       0.35000000000000003        1.2713800938374748E-002  -2.0093722676387106E-007
   2.7500000000000000       0.35000000000000003        1.2713869758275447E-002  -3.3458871626468629E-007
   2.8500000000000001       0.35000000000000003        1.2713949203820003E-002  -5.0966781005501572E-007
   2.9500000000000002       0.35000000000000003        1.2714047290126217E-002  -7.4707416121784331E-007
   3.0500000000000003       0.35000000000000003        1.2714175669244205E-002  -1.0758348531632114E-006
   3.1500000000000004       0.35000000000000003        1.2714350848219870E-002  -1.5369298043022760E-006
   3.2500000000000000       0.35000000000000003        1.2714595841053446E-002  -2.1887527705581825E-006
   3.3500000000000001       0.35000000000000003        1.2714942303724766E-002  -3.1150251952547242E-006
   3.4500000000000002       0.35000000000000003        1.2715433090480524E-002  -4.4364154060822145E-006
   3.5500000000000003       0.35000000000000003        1.2716124857803535E-002  -6.3278283686121806E-006
   3.6500000000000004       0.35000000000000003        1.2717089561136270E-002  -9.0445163741557336E-006
   3.7500000000000000       0.35000000000000003        1.2718411820732727E-002  -1.2962146185763143E-005
   3.8500000000000001       0.35000000000000003        1.2720174752817375E-002  -1.8639243104577778E-005
   3.9500000000000002       0.35000000000000003        1.2722416705143428E-002  -2.6915575098210853E-005
   4.0499999999999998       0.35000000000000003        1.2725018127610092E-002  -3.9066784192110738E-005
   4.1500000000000004       0.35000000000000003        1.2727427034610318E-002  -5.7038470506217915E-005
   4.2500000000000000       0.35000000000000003        1.2728036417952306E-002  -8.3748284510177067E-005
   4.3500000000000005       0.35000000000000003        1.2722933836743153E-002  -1.2320711284159548E-004
   4.4500000000000002       0.35000000000000003        1.2703983315376541E-002  -1.7924716702377014E-004
   4.5499999999999998       0.35000000000000003        1.2657654116977049E-002  -2.4932839306466214E-004
   4.6500000000000004       0.35000000000000003        1.2570036381378833E-002  -3.0753551798876733E-004
   4.7500000000000000       0.35000000000000003        1.2450498186315601E-002  -2.7480830462759976E-004
   4.8500000000000005       0.35000000000000003        6.1932676486198103E-003   0.0000000000000000     
  -5.0000000000000003E-002  0.45000000000000001        6.2949658631568269E-003   0.0000000000000000     
   5.0000000000000003E-002  0.45000000000000001        1.2637671794311743E-002   1.8781867826428173E-004
  0.15000000000000002       0.45000000000000001        1.2735629939556370E-002   2.3516248063059259E-004
  0.25000000000000000       0.45000000000000001        1.2822113822357184E-002   2.1176706198397415E-004
  0.35000000000000003       0.45000000000000001        1.2880281488759384E-002   1.6702134972427254E-004
  0.45000000000000001       0.45000000000000001        1.2914141442581517E-002   1.2387799719931313E-004
  0.55000000000000004       0.45000000000000001        1.2932261057056676E-002   8.9241858732781520E-005
  0.65000000000000002       0.45000000000000001        1.2941489108275799E-002   6.3396439345153209E-005
  0.75000000000000000       0.45000000000000001        1.2946047711521263E-002   4.4734189143696300E-005
  0.85000000000000009       0.45000000000000001        1.2948256285963293E-002   3.1468768365041315E-005
  0.95000000000000007       0.45000000000000001        1.2949317895554641E-002   2.2110933410609103E-005
   1.0500000000000000       0.45000000000000001        1.2949835983475561E-002   1.5533161083443017E-005
   1.1500000000000001       0.45000000000000001        1.2950105784144343E-002   1.0916680806511696E-005
   1.2500000000000000       0.45000000000000001        1.2950268197899921E-002   7.6783591643458594E-006
   1.3500000000000001       0.45000000000000001        1.2950388275732853E-002   5.4066260450151801E-006
   1.4500000000000002       0.45000000000000001        1.2950494428983286E-002   3.8121730345570825E-006
   1.5500000000000000       0.45000000000000001        1.2950597739142115E-002   2.6919606951073509E-006
   1.6500000000000001       0.45000000000000001        1.2950701350109575E-002   1.9035442621575391E-006
   1.7500000000000000       0.45000000000000001        1.2950804973644521E-002   1.3469436448829180E-006
   1.8500000000000001       0.45000000000000001        1.2950907010751918E-002   9.5188835469750817E-007
   1.9500000000000002       0.45000000000000001        1.2951005523207500E-002   6.6884505564542780E-007
   2.0500000000000003       0.45000000000000001        1.2951098659156774E-002   4.6268871436578759E-007
   2.1499999999999999       0.45000000000000001        1.2951184825703716E-002   3.0820959124833638E-007
   2.2500000000000000       0.45000000000000001        1.2951262748866038E-002   1.8688235382674982E-007
   2.3500000000000001       0.45000000000000001        1.2951331487008831E-002   8.4485353863345877E-008
   2.4500000000000002       0.45000000000000001        1.2951390428045188E-002  -1.0732867366214610E-008
   2.5500000000000003       0.45000000000000001        1.2951439283540750E-002  -1.0957266014177306E-007
   2.6500000000000004       0.45000000000000001        1.2951478084464374E-002  -2.2328046178050709E-007
   2.7500000000000000       0.45000000000000001        1.2951507178460020E-002  -3.6500093643374472E-007
   2.8500000000000001       0.45000000000000001        1.2951527223866340E-002  -5.5146771871756505E-007
   2.9500000000000002       0.45000000000000001        1.2951539168122257E-002  -8.0514663769693851E-007
   3.0500000000000003       0.45000000000000001        1.2951544182975868E-002  -1.1571027755780336E-006
   3.1500000000000004       0.45000000000000001        1.2951543497366696E-002  -1.6509547840424446E-006
   3.2500000000000000       0.45000000000000001        1.2951538003786621E-002  -2.3484180460457252E-006
   3.3500000000000001       0.45000000000000001        1.2951527380857444E-002  -3.3371389139394381E-006
   3.4500000000000002       0.45000000000000001        1.2951508204577395E-002  -4.7418062290053089E-006
   3.5500000000000003       0.45000000000000001        1.2951469974870591E-002  -6.7399139894869883E-006
   3.6500000000000004       0.45000000000000001        1.2951386888957179E-002  -9.5840403884187058E-006
   3.7500000000000000       0.45000000000000001        1.2951201016888490E-002  -1.3633019003497184E-005
   3.8500000000000001       0.45000000000000001        1.2950788282228409E-002  -1.9394549767908336E-005
   3.9500000000000002       0.45000000000000001        1.2949890597273299E-002  -2.7580475014324319E-005
   4.0499999999999998       0.45000000000000001        1.2947983147792552E-002  -3.9169802802505643E-005
   4.1500000000000004       0.45000000000000001        1.2944023373707904E-002  -5.5454685363828544E-005
   4.2500000000000000       0.45000000000000001        1.2936004949694433E-002  -7.7987565543465774E-005
   4.3500000000000005       0.45000000000000001        1.2920269624513609E-002  -1.0818734168173403E-004
   4.4500000000000002       0.45000000000000001        1.2890828223189800E-002  -1.4592394526875003E-004
   4.5499999999999998       0.45000000000000001        1.2839997541085979E-002  -1.8553102556030960E-004
   4.6500000000000004       0.45000000000000001        1.2763701813179505E-002  -2.0744815702716793E-004
   4.7500000000000000       0.45000000000000001        1.2676114222022465E-002  -1.6778739086517378E-004
   4.8500000000000005       0.45000000000000001        6.3165251574082756E-003   0.0000000000000000     
  -5.0000000000000003E-002  0.55000000000000004        6.3521787733825195E-003   0.0000000000000000     
   5.0000000000000003E-002  0.55000000000000004        1.2733798417987784E-002   1.1065017215161781E-004
  0.15000000000000002       0.55000000000000004        1.2798463003808111E-002   1.4974538916916823E-004
  0.25000000000000000       0.55000000000000004        1.2863240990522036E-002   1.4598362368299352E-004
  0.35000000000000003       0.55000000000000004        1.2914067421631337E-002   1.2389542264437710E-004
  0.45000000000000001       0.55000000000000004        1.2949551462897859E-002   9.7766932545119249E-005
  0.55000000000000004       0.55000000000000004        1.2972947624285752E-002   7.3965010960637672E-005
  0.65000000000000002       0.55000000000000004        1.2988009487781848E-002   5.4530416836078168E-005
  0.75000000000000000       0.55000000000000004        1.2997664858381891E-002   3.9550542385146608E-005
  0.85000000000000009       0.55000000000000004        1.3003902047438686E-002   2.8386083590316844E-005
  0.95000000000000007       0.55000000000000004        1.3007990853803483E-002   2.0235449981140025E-005
   1.0500000000000000       0.55000000000000004        1.3010721475954425E-002   1.4362543232303205E-005
   1.1500000000000001       0.55000000000000004        1.3012582791270979E-002   1.0166592358618551E-005
   1.2500000000000000       0.55000000000000004        1.3013879077644645E-002   7.1853316979979655E-006
   1.3500000000000001       0.55000000000000004        1.3014802071823990E-002   5.0746876124761869E-006
   1.4500000000000002       0.55000000000000004        1.3015474388209693E-002   3.5836310372919999E-006
   1.5500000000000000       0.55000000000000004        1.3015975571195590E-002   2.5312964354677791E-006
   1.6500000000000001       0.55000000000000004        1.3016357856410199E-002   1.7884033033685759E-006
   1.7500000000000000       0.55000000000000004        1.3016655855480062E-002   1.2629918786438172E-006
   1.8500000000000001       0.55000000000000004        1.3016892620655812E-002   8.8980420755292728E-007
   1.9500000000000002       0.55000000000000004        1.3017083515408359E-002   6.2251655812702932E-007
   2.0500000000000003       0.55000000000000004        1.3017238725229334E-002   4.2810804982372927E-007
   2.1499999999999999       0.55000000000000004        1.3017364903555257E-002   2.8278424319359513E-007
   2.2500000000000000       0.55000000000000004        1.3017466251087429E-002   1.6900471924510683E-007
   2.3500000000000001       0.55000000000000004        1.3017545210239895E-002   7.3270816024197007E-008
   2.4500000000000002       0.55000000000000004        1.3017602884886976E-002  -1.5590081217558998E-008
   2.5500000000000003       0.55000000000000004        1.3017639249146128E-002  -1.0785217831759927E-007
   2.6500000000000004       0.55000000000000004        1.3017653176028108E-002  -2.1420632243200950E-007
   2.7500000000000000       0.55000000000000004        1.3017642290080386E-002  -3.4712468658483814E-007
   2.8500000000000001       0.55000000000000004        1.3017602622177389E-002  -5.2244265617585263E-007
   2.9500000000000002       0.55000000000000004        1.3017528014099689E-002  -7.6134970994590861E-007
   3.0500000000000003       0.55000000000000004        1.3017409178809398E-002  -1.0930257043974067E-006
   3.1500000000000004       0.55000000000000004        1.3017232259126592E-002  -1.5582261111139790E-006
   3.2500000000000000       0.55000000000000004        1.3016976625551067E-002  -2.2142105788314538E-006
   3.3500000000000001       0.55000000000000004        1.3016611482871018E-002  -3.1415200389512197E-006
   3.4500000000000002       0.55000000000000004        1.3016090561051291E-002  -4.4532210860760513E-006
   3.5500000000000003       0.55000000000000004        1.3015343654240010E-002  -6.3073014585705323E-006
   3.6500000000000004       0.55000000000000004        1.3014262883092632E-002  -8.9227880913787097E-006
   3.7500000000000000       0.55000000000000004        1.3012680041356717E-002  -1.2599566817249940E-005
   3.8500000000000001       0.55000000000000004        1.3010328925325299E-002  -1.7740133336004956E-005
   3.9500000000000002       0.55000000000000004        1.3006782925941157E-002  -2.4867146331781732E-005
   4.0499999999999998       0.55000000000000004        1.3001354031952430E-002  -3.4620733571648085E-005
   4.1500000000000004       0.55000000000000004        1.2992938456333116E-002  -4.7698505457522595E-005
   4.2500000000000000       0.55000000000000004        1.2979808757686610E-002  -6.4660159365186420E-005
   4.3500000000000005       0.55000000000000004        1.2959416760020756E-002  -8.5444841288164787E-005
   4.4500000000000002       0.55000000000000004        1.2928469729483843E-002  -1.0832694358676568E-004
   4.5499999999999998       0.55000000000000004        1.2884021366576343E-002  -1.2788827348258932E-004
   4.6500000000000004       0.55000000000000004        1.2827021435159852E-002  -1.3182398482623601E-004
   4.7500000000000000       0.55000000000000004        1.2769537921467884E-002  -9.8357969716731021E-005
   4.8500000000000005       0.55000000000000004        6.3715832625023750E-003   0.0000000000000000     
  -5.0000000000000003E-002  0.65000000000000002        6.3805826915181909E-003   0.0000000000000000     
   5.0000000000000003E-002  0.65000000000000002        1.2779385335727598E-002   6.3001781349968208E-005
  0.15000000000000002       0.65000000000000002        1.2821873955108660E-002   9.0277708272643297E-005
  0.25000000000000000       0.65000000000000002        1.2869188294922127E-002   9.3420317824830808E-005
  0.35000000000000003       0.65000000000000002        1.2911154652396761E-002   8.3750672077293614E-005
  0.45000000000000001       0.65000000000000002        1.2944473064352601E-002   6.9216233279723659E-005
  0.55000000000000004       0.65000000000000002        1.2969378852898408E-002   5.4341623771077976E-005
  0.65000000000000002       0.65000000000000002        1.2987385438527182E-002   4.1232399382843380E-005
  0.75000000000000000       0.65000000000000002        1.3000176284922059E-002   3.0566647474733278E-005
  0.85000000000000009       0.65000000000000002        1.3009188837626034E-002   2.2299668763374053E-005
  0.95000000000000007       0.65000000000000002        1.3015524907497592E-002   1.6089236385119376E-005
   1.0500000000000000       0.65000000000000002        1.3019985624745697E-002   1.1520026284603066E-005
   1.1500000000000001       0.65000000000000002        1.3023138199589675E-002   8.2056288978280085E-006
   1.2500000000000000       0.65000000000000002        1.3025379090276380E-002   5.8247023798151758E-006
   1.3500000000000001       0.65000000000000002        1.3026983854413610E-002   4.1256647935292734E-006
   1.4500000000000002       0.65000000000000002        1.3028143628423200E-002   2.9185527319960718E-006
   1.5500000000000000       0.65000000000000002        1.3028990915415171E-002   2.0631917131382035E-006
   1.6500000000000001       0.65000000000000002        1.3029617540461520E-002   1.4576887875870507E-006
   1.7500000000000000       0.65000000000000002        1.3030087082411679E-002   1.0286953093213334E-006
   1.8500000000000001       0.65000000000000002        1.3030443470777338E-002   7.2371365550647629E-007
   1.9500000000000002       0.65000000000000002        1.3030716930919790E-002   5.0524682335796106E-007
   2.0500000000000003       0.65000000000000002        1.3030928091541464E-002   3.4644398868530507E-007
   2.1499999999999999       0.65000000000000002        1.3031090809939807E-002   2.2789047221812846E-007
   2.2500000000000000       0.65000000000000002        1.3031214091820242E-002   1.3523681430050942E-007
   2.3500000000000001       0.65000000000000002        1.3031303358506751E-002   5.7418022331812867E-008
   2.4500000000000002       0.65000000000000002        1.3031361226775333E-002  -1.4736261419087258E-008
   2.5500000000000003       0.65000000000000002        1.3031387902300471E-002  -8.9662757207137797E-008
   2.6500000000000004       0.65000000000000002        1.3031381237550122E-002  -1.7613545330361632E-007
   2.7500000000000000       0.65000000000000002        1.3031336461828169E-002  -2.8437546102211101E-007
   2.8500000000000001       0.65000000000000002        1.3031245549090248E-002  -4.2733244408790399E-007
   2.9500000000000002       0.65000000000000002        1.3031096142359653E-002  -6.2228697064017809E-007
   3.0500000000000003       0.65000000000000002        1.3030869895504419E-002  -8.9295276723644601E-007
   3.1500000000000004       0.65000000000000002        1.3030540015483818E-002  -1.2722989293061911E-006
   3.2500000000000000       0.65000000000000002        1.3030067679562359E-002  -1.8063593202224622E-006
   3.3500000000000001       0.65000000000000002        1.3029396846515438E-002  -2.5593348824803209E-006
   3.4500000000000002       0.65000000000000002        1.3028446756853298E-002  -3.6202888903316071E-006
   3.5500000000000003       0.65000000000000002        1.3027101098205872E-002  -5.1116070896719844E-006
   3.6500000000000004       0.65000000000000002        1.3025192376646040E-002  -7.1989820368543120E-006
   3.7500000000000000       0.65000000000000002        1.3022479500755578E-002  -1.0101664617871460E-005
   3.8500000000000001       0.65000000000000002        1.3018616111475296E-002  -1.4099512347467396E-005
   3.9500000000000002       0.65000000000000002        1.3013107337627146E-002  -1.9528933361647045E-005
   4.0499999999999998       0.65000000000000002        1.3005254982137142E-002  -2.6751642665453798E-005
   4.1500000000000004       0.65000000000000002        1.2994099380529596E-002  -3.6066519746666695E-005
   4.2500000000000000       0.65000000000000002        1.2978388072789240E-002  -4.7515675303515962E-005
   4.3500000000000005       0.65000000000000002        1.2956650393909013E-002  -6.0517065112767612E-005
   4.4500000000000002       0.65000000000000002        1.2927550318406773E-002  -7.3256543537007047E-005
   4.5499999999999998       0.65000000000000002        1.2890832249665968E-002  -8.1831533158623936E-005
   4.6500000000000004       0.65000000000000002        1.2849274867984801E-002  -7.9352147113555125E-005
   4.7500000000000000       0.65000000000000002        1.2811696995019557E-002  -5.5785932281965672E-005
   4.8500000000000005       0.65000000000000002        6.3977452357619610E-003   0.0000000000000000     
  -5.0000000000000003E-002  0.75000000000000000        6.3951644514627301E-003   0.0000000000000000     
   5.0000000000000003E-002  0.75000000000000000        1.2802733378948914E-002   3.2389785754500417E-005
  0.15000000000000002       0.75000000000000000        1.2833060070221067E-002   4.8111526738680302E-005
  0.25000000000000000       0.75000000000000000        1.2869654000471688E-002   5.1739569101330311E-005
  0.35000000000000003       0.75000000000000000        1.2905140642817066E-002   4.8063153186210967E-005
  0.45000000000000001       0.75000000000000000        1.2935887823198013E-002   4.0945163282733595E-005
  0.55000000000000004       0.75000000000000000        1.2960772745263083E-002   3.2949846705934036E-005
  0.65000000000000002       0.75000000000000000        1.2980043468617815E-002   2.5493912026636495E-005
  0.75000000000000000       0.75000000000000000        1.2994535484508275E-002   1.9186577265783242E-005
  0.85000000000000009       0.75000000000000000        1.3005223466285494E-002   1.4158636610916457E-005
  0.95000000000000007       0.75000000000000000        1.3013006632891226E-002   1.0303279976010648E-005
   1.0500000000000000       0.75000000000000000        1.3018630618685601E-002   7.4238886132886064E-006
   1.1500000000000001       0.75000000000000000        1.3022678016474432E-002   5.3122037978659352E-006
   1.2500000000000000       0.75000000000000000        1.3025587757979995E-002   3.7830796794980697E-006
   1.3500000000000001       0.75000000000000000        1.3027682842830646E-002   2.6855447954255705E-006
   1.4500000000000002       0.75000000000000000        1.3029197214811900E-002   1.9025161180895422E-006
   1.5500000000000000       0.75000000000000000        1.3030298435666937E-002   1.3460075342403758E-006
   1.6500000000000001       0.75000000000000000        1.3031105530806171E-002   9.5124390235643158E-007
   1.7500000000000000       0.75000000000000000        1.3031702483024352E-002   6.7117605295011758E-007
   1.8500000000000001       0.75000000000000000        1.3032148180509000E-002   4.7191356534089271E-007
   1.9500000000000002       0.75000000000000000        1.3032483623937052E-002   3.2913802567309079E-007
   2.0500000000000003       0.75000000000000000        1.3032737076037240E-002   2.2537677545273689E-007
   2.1499999999999999       0.75000000000000000        1.3032927689914089E-002   1.4796435550420378E-007
   2.2500000000000000       0.75000000000000000        1.3033068016866912E-002   8.7521875783862756E-008
   2.3500000000000001       0.75000000000000000        1.3033165681378198E-002   3.6806932530539852E-008
   2.4500000000000002       0.75000000000000000        1.3033224420221957E-002  -1.0188325518388392E-008
   2.5500000000000003       0.75000000000000000        1.3033244609889017E-002  -5.8992855934426618E-008
   2.6500000000000004       0.75000000000000000        1.3033223346172611E-002  -1.1535447413221951E-007
   2.7500000000000000       0.75000000000000000        1.3033154086136849E-002  -1.8596227764092072E-007
   2.8500000000000001       0.75000000000000000        1.3033025810301462E-002  -2.7927828905347916E-007
   2.9500000000000002       0.75000000000000000        1.3032821606324171E-002  -4.0657231703665044E-007
   3.0500000000000003       0.75000000000000000        1.3032516509382371E-002  -5.8327014501926905E-007
   3.1500000000000004       0.75000000000000000        1.3032074353715251E-002  -8.3074550916221566E-007
   3.2500000000000000       0.75000000000000000        1.3031443290424239E-002  -1.1787046529517050E-006
   3.3500000000000001       0.75000000000000000        1.3030549508422700E-002  -1.6683138879308918E-006
   3.4500000000000002       0.75000000000000000        1.3029288567899875E-002  -2.3561739091787529E-006
   3.5500000000000003       0.75000000000000000        1.3027513651051254E-002  -3.3190855518460990E-006
   3.6500000000000004       0.75000000000000000        1.3025020034659145E-002  -4.6591579914059143E-006
   3.7500000000000000       0.75000000000000000        1.3021525376123244E-002  -6.5079636946447564E-006
   3.8500000000000001       0.75000000000000000        1.3016646357834141E-002  -9.0267879091074425E-006
   3.9500000000000002       0.75000000000000000        1.3009874587258587E-002  -1.2397052731240883E-005
   4.0499999999999998       0.75000000000000000        1.3000559699968725E-002  -1.6790226195561806E-005
   4.1500000000000004       0.75000000000000000        1.2987917359240517E-002  -2.2300094562265899E-005
   4.2500000000000000       0.75000000000000000        1.2971096578455649E-002  -2.8814548641900461E-005
   4.3500000000000005       0.75000000000000000        1.2949365047416355E-002  -3.5806398220822253E-005
   4.4500000000000002       0.75000000000000000        1.2922496509962743E-002  -4.2047527335118334E-005
   4.5499999999999998       0.75000000000000000        1.2891448554648011E-002  -4.5313816617809823E-005
   4.6500000000000004       0.75000000000000000        1.2859353981751016E-002  -4.2246644165033477E-005
   4.7500000000000000       0.75000000000000000        1.2832633752781812E-002  -2.8610844822688147E-005
   4.8500000000000005       0.75000000000000000        6.4108296531442529E-003   0.0000000000000000     
  -5.0000000000000003E-002  0.85000000000000009        6.4014691001084197E-003   0.0000000000000000     
   5.0000000000000003E-002  0.85000000000000009        1.2812940179928647E-002   9.9957631463555336E-006
  0.15000000000000002       0.85000000000000009        1.2838055340702538E-002   1.5100830848189259E-005
  0.25000000000000000       0.85000000000000009        1.2869729928386073E-002   1.6543086903249127E-005
  0.35000000000000003       0.85000000000000009        1.2901951517557908E-002   1.5636136126198740E-005
  0.45000000000000001       0.85000000000000009        1.2931162338247199E-002   1.3521182788801549E-005
  0.55000000000000004       0.85000000000000009        1.2955763279940462E-002   1.1015827070680936E-005
  0.65000000000000002       0.85000000000000009        1.2975460081130978E-002   8.6074517707881518E-006
  0.75000000000000000       0.85000000000000009        1.2990677546460893E-002   6.5278611235686144E-006
  0.85000000000000009       0.85000000000000009        1.3002140736696722E-002   4.8456129705713856E-006
  0.95000000000000007       0.85000000000000009        1.3010624297726321E-002   3.5418240143040063E-006
   1.0500000000000000       0.85000000000000009        1.3016827845951928E-002   2.5604196396810118E-006
   1.1500000000000001       0.85000000000000009        1.3021330000768598E-002   1.8365301532848556E-006
   1.2500000000000000       0.85000000000000009        1.3024584460158946E-002   1.3101369471975923E-006
   1.3500000000000001       0.85000000000000009        1.3026934809798052E-002   9.3115945380337608E-007
   1.4500000000000002       0.85000000000000009        1.3028635146405960E-002   6.6018237319909536E-007
   1.5500000000000000       0.85000000000000009        1.3029870263199088E-002   4.6729080458973399E-007
   1.6500000000000001       0.85000000000000009        1.3030772909787349E-002   3.3031013924477164E-007
   1.7500000000000000       0.85000000000000009        1.3031437541267676E-002   2.3305624977171287E-007
   1.8500000000000001       0.85000000000000009        1.3031930812295955E-002   1.6383145554931340E-007
   1.9500000000000002       0.85000000000000009        1.3032299362463808E-002   1.1422130776325074E-007
   2.0500000000000003       0.85000000000000009        1.3032575471411612E-002   7.8169230070573055E-008
   2.1499999999999999       0.85000000000000009        1.3032781089300638E-002   5.1279141256906563E-008
   2.2500000000000000       0.85000000000000009        1.3032930644814691E-002   3.0292448681546163E-008
   2.3500000000000001       0.85000000000000009        1.3033032930869416E-002   1.2690996571746002E-008
   2.4500000000000002       0.85000000000000009        1.3033092278736537E-002  -3.6151228350770582E-009
   2.5500000000000003       0.85000000000000009        1.3033109155588481E-002  -2.0549543453814513E-008
   2.6500000000000004       0.85000000000000009        1.3033080255583749E-002  -4.0111661181738274E-008
   2.7500000000000000       0.85000000000000009        1.3032998096009227E-002  -6.4627098642099452E-008
   2.8500000000000001       0.85000000000000009        1.3032850072685828E-002  -9.7035580477098290E-008
   2.9500000000000002       0.85000000000000009        1.3032616867904712E-002  -1.4124821508638670E-007
   3.0500000000000003       0.85000000000000009        1.3032270035201590E-002  -2.0261118316705937E-007
   3.1500000000000004       0.85000000000000009        1.3031768505413205E-002  -2.8851873083991548E-007
   3.2500000000000000       0.85000000000000009        1.3031053668565469E-002  -4.0922249624781416E-007
   3.3500000000000001       0.85000000000000009        1.3030042595681164E-002  -5.7888063129620215E-007
   3.4500000000000002       0.85000000000000009        1.3028618901307571E-002  -8.1686657010073194E-007
   3.5500000000000003       0.85000000000000009        1.3026620775685678E-002  -1.1492894928176000E-006
   3.6500000000000004       0.85000000000000009        1.3023825967748846E-002  -1.6105221876505988E-006
   3.7500000000000000       0.85000000000000009        1.3019934228995406E-002  -2.2442117646262072E-006
   3.8500000000000001       0.85000000000000009        1.3014549375598334E-002  -3.1026504572474951E-006
   3.9500000000000002       0.85000000000000009        1.3007166385968525E-002  -4.2423694260805021E-006
   4.0499999999999998       0.85000000000000009        1.2997174730813313E-002  -5.7123128238551348E-006
   4.1500000000000004       0.85000000000000009        1.2983898165215849E-002  -7.5292023720663891E-006
   4.2500000000000000       0.85000000000000009        1.2966702831432008E-002  -9.6338630171139007E-006
   4.3500000000000005       0.85000000000000009        1.2945215061188953E-002  -1.1825198994631948E-005
   4.4500000000000002       0.85000000000000009        1.2919685669693317E-002  -1.3679727529238235E-005
   4.5499999999999998       0.85000000000000009        1.2891499506851391E-002  -1.4486789623805781E-005
   4.6500000000000004       0.85000000000000009        1.2863745011564074E-002  -1.3253338095496198E-005
   4.7500000000000000       0.85000000000000009        1.2841663247892966E-002  -8.8196697979565493E-006
   4.8500000000000005       0.85000000000000009        6.4164203184126868E-003   0.0000000000000000     
