  -5.0000000000000003E-002  -5.0000000000000003E-002   2.5262747327490574E-003   0.0000000000000000     
   5.0000000000000003E-002  -5.0000000000000003E-002   4.1554542438686226E-003   8.9709701193936423E-004
  0.15000000000000002       -5.0000000000000003E-002   2.8102912791711445E-003   4.4807127137187644E-004
  0.25000000000000000       -5.0000000000000003E-002   2.1565544894824123E-003   2.0567421171142883E-004
  0.35000000000000003       -5.0000000000000003E-002   1.8387199239353455E-003   1.1217217677647239E-004
  0.45000000000000001       -5.0000000000000003E-002   1.6558231002423247E-003   7.0739277403186198E-005
  0.55000000000000004       -5.0000000000000003E-002   1.5377841919193363E-003   4.7316688886222527E-005
  0.65000000000000002       -5.0000000000000003E-002   1.4583486215203928E-003   3.2137949859456715E-005
  0.75000000000000000       -5.0000000000000003E-002   1.4043940425100035E-003   2.1837275049355560E-005
  0.85000000000000009       -5.0000000000000003E-002   1.3678274319242362E-003   1.4751130475472555E-005
  0.95000000000000007       -5.0000000000000003E-002   1.3432384480989434E-003   9.8603904091510801E-006
   1.0500000000000000       -5.0000000000000003E-002   1.3269083308986751E-003   6.4926341974432140E-006
   1.1500000000000001       -5.0000000000000003E-002   1.3162490199638127E-003   4.1896272014067126E-006
   1.2500000000000000       -5.0000000000000003E-002   1.3094498825348177E-003   2.6322259562583227E-006
   1.3500000000000001       -5.0000000000000003E-002   1.3052448955935805E-003   1.5950148309416865E-006
   1.4500000000000002       -5.0000000000000003E-002   1.3027537113322655E-003   9.1778270367422273E-007
   1.5500000000000000       -5.0000000000000003E-002   1.3013700591550375E-003   4.8670740390708726E-007
   1.6500000000000001       -5.0000000000000003E-002   1.3006819483222869E-003   2.2136899800809914E-007
   1.7500000000000000       -5.0000000000000003E-002   1.3004141257193821E-003   6.5480748733660395E-008
   1.8500000000000001       -5.0000000000000003E-002   1.3003865500022911E-003  -1.9858315379673766E-008
   1.9500000000000002       -5.0000000000000003E-002   1.3004845683043146E-003  -6.1117946479637734E-008
   2.0500000000000003       -5.0000000000000003E-002   1.3006376876224341E-003  -7.5976028451660203E-008
   2.1499999999999999       -5.0000000000000003E-002   1.3008046474525762E-003  -7.5979405452485168E-008
   2.2500000000000000       -5.0000000000000003E-002   1.3009630843491338E-003  -6.8473987682141309E-008
   2.3500000000000001       -5.0000000000000003E-002   1.3011025163264928E-003  -5.7993484508256393E-008
   2.4500000000000002       -5.0000000000000003E-002   1.3012197107175655E-003  -4.7253318986479646E-008
   2.5500000000000003       -5.0000000000000003E-002   1.3013157620703200E-003  -3.7866032538935790E-008
   2.6500000000000004       -5.0000000000000003E-002   1.3013944173557385E-003  -3.0872632523018284E-008
   2.7500000000000000       -5.0000000000000003E-002   1.3014613622706576E-003  -2.7171853741880473E-008
   2.8500000000000001       -5.0000000000000003E-002   1.3015243426464256E-003  -2.7925573200725869E-008
   2.9500000000000002       -5.0000000000000003E-002   1.3015941597299288E-003  -3.5026863661085451E-008
   3.0500000000000003       -5.0000000000000003E-002   1.3016867740778594E-003  -5.1740121183710277E-008
   3.1500000000000004       -5.0000000000000003E-002   1.3018270172331639E-003  -8.3668314610517333E-008
   3.2500000000000000       -5.0000000000000003E-002   1.3020547986663195E-003  -1.4028056319676169E-007
   3.3500000000000001       -5.0000000000000003E-002   1.3024352927250543E-003  -2.3736424637876770E-007
   3.4500000000000002       -5.0000000000000003E-002   1.3030755319857735E-003  -4.0097902989851397E-007
   3.5500000000000003       -5.0000000000000003E-002   1.3041513391313425E-003  -6.7384137347767815E-007
   3.6500000000000004       -5.0000000000000003E-002   1.3059509674986963E-003  -1.1256488890500415E-006
   3.7500000000000000       -5.0000000000000003E-002   1.3089458219359151E-003  -1.8698369010565282E-006
   3.8500000000000001       -5.0000000000000003E-002   1.3139052898129564E-003  -3.0909329212017173E-006
   3.9500000000000002       -5.0000000000000003E-002   1.3220838536528189E-003  -5.0894850950824434E-006
   4.0499999999999998       -5.0000000000000003E-002   1.3355272820327418E-003  -8.3562135348891871E-006
   4.1500000000000004       -5.0000000000000003E-002   1.3575786075065187E-003  -1.3697647728485617E-005
   4.2500000000000000       -5.0000000000000003E-002   1.3937599924569194E-003  -2.2486378748589987E-005
   4.3500000000000005       -5.0000000000000003E-002   1.4536566596548145E-003  -3.7412873254044590E-005
   4.4500000000000002       -5.0000000000000003E-002   1.5566386896548490E-003  -6.5571527468673001E-005
   4.5499999999999998       -5.0000000000000003E-002   1.7523882867943375E-003  -1.3018008233990229E-004
   4.6500000000000004       -5.0000000000000003E-002   2.1795267386350730E-003  -2.9695990176829097E-004
   4.7500000000000000       -5.0000000000000003E-002   3.0869775855996207E-003  -6.1049190367252299E-004
   4.8500000000000005       -5.0000000000000003E-002   1.8487345815627091E-003   0.0000000000000000     
  -5.0000000000000003E-002   5.0000000000000003E-002   1.5017059884761905E-002   0.0000000000000000     
   5.0000000000000003E-002   5.0000000000000003E-002   2.8886560867273502E-002   2.9417547165369738E-003
  0.15000000000000002        5.0000000000000003E-002   2.6281358298545738E-002   2.3537897378026248E-003
  0.25000000000000000        5.0000000000000003E-002   2.3602181975955004E-002   1.6328862448762691E-003
  0.35000000000000003        5.0000000000000003E-002   2.1468767301487102E-002   1.1362330302124328E-003
  0.45000000000000001        5.0000000000000003E-002   1.9896708185394598E-002   8.0166362546641096E-004
  0.55000000000000004        5.0000000000000003E-002   1.8762378472107259E-002   5.6879507912303503E-004
  0.65000000000000002        5.0000000000000003E-002   1.7949287780887450E-002   4.0322395859001452E-004
  0.75000000000000000        5.0000000000000003E-002   1.7369586212763091E-002   2.8444870576182477E-004
  0.85000000000000009        5.0000000000000003E-002   1.6959255238941540E-002   1.9908087435080923E-004
  0.95000000000000007        5.0000000000000003E-002   1.6671545805739499E-002   1.3787413773303422E-004
   1.0500000000000000        5.0000000000000003E-002   1.6472158950535162E-002   9.4241673893922823E-005
   1.1500000000000001        5.0000000000000003E-002   1.6335904062347650E-002   6.3400687085057872E-005
   1.2500000000000000        5.0000000000000003E-002   1.6244331282345894E-002   4.1838514271332342E-005
   1.3500000000000001        5.0000000000000003E-002   1.6184006932966420E-002   2.6962569615916677E-005
   1.4500000000000002        5.0000000000000003E-002   1.6145231374700236E-002   1.6860195943030022E-005
   1.5500000000000000        5.0000000000000003E-002   1.6121074116909315E-002   1.0126878814280365E-005
   1.6500000000000001        5.0000000000000003E-002   1.6106644096591693E-002   5.7392586590161067E-006
   1.7500000000000000        5.0000000000000003E-002   1.6098538305670363E-002   2.9592576534933855E-006
   1.8500000000000001        5.0000000000000003E-002   1.6094427380847834E-002   1.2609575524801449E-006
   1.9500000000000002        5.0000000000000003E-002   1.6092746776854829E-002   2.7473480691653622E-007
   2.0500000000000003        5.0000000000000003E-002   1.6092469126860388E-002  -2.5524847078621897E-007
   2.1499999999999999        5.0000000000000003E-002   1.6092938618831574E-002  -5.0315093219499661E-007
   2.2500000000000000        5.0000000000000003E-002   1.6093752337779658E-002  -5.8549214670179225E-007
   2.3500000000000001        5.0000000000000003E-002   1.6094676877953063E-002  -5.7901921780496402E-007
   2.4500000000000002        5.0000000000000003E-002   1.6095591307965604E-002  -5.3395747346538986E-007
   2.5500000000000003        5.0000000000000003E-002   1.6096449905241315E-002  -4.8394709343930091E-007
   2.6500000000000004        5.0000000000000003E-002   1.6097260079762966E-002  -4.5378868012235917E-007
   2.7500000000000000        5.0000000000000003E-002   1.6098072703263019E-002  -4.6602388462593024E-007
   2.8500000000000001        5.0000000000000003E-002   1.6098983795264196E-002  -5.4738055845386083E-007
   2.9500000000000002        5.0000000000000003E-002   1.6100148376679693E-002  -7.3624166298284777E-007
   3.0500000000000003        5.0000000000000003E-002   1.6101809529281322E-002  -1.0925982136102101E-006
   3.1500000000000004        5.0000000000000003E-002   1.6104348628084467E-002  -1.7124835214788436E-006
   3.2500000000000000        5.0000000000000003E-002   1.6108366805759819E-002  -2.7497602968126954E-006
   3.3500000000000001        5.0000000000000003E-002   1.6114813614034225E-002  -4.4494894651891473E-006
   3.4500000000000002        5.0000000000000003E-002   1.6125187480937234E-002  -7.1991693435691942E-006
   3.5500000000000003        5.0000000000000003E-002   1.6141845204956772E-002  -1.1607210292979474E-005
   3.6500000000000004        5.0000000000000003E-002   1.6168476139467571E-002  -1.8622568430675165E-005
   3.7500000000000000        5.0000000000000003E-002   1.6210823267949738E-002  -2.9716164988078749E-005
   3.8500000000000001        5.0000000000000003E-002   1.6277771087709419E-002  -4.7154498567421800E-005
   3.9500000000000002        5.0000000000000003E-002   1.6382972793490082E-002  -7.4409899775402554E-005
   4.0499999999999998        5.0000000000000003E-002   1.6547260851289210E-002  -1.1677182798351982E-004
   4.1500000000000004        5.0000000000000003E-002   1.6802177732140450E-002  -1.8225531365527605E-004
   4.2500000000000000        5.0000000000000003E-002   1.7195044585902885E-002  -2.8298223699028681E-004
   4.3500000000000005        5.0000000000000003E-002   1.7795729374109639E-002  -4.3750364228127981E-004
   4.4500000000000002        5.0000000000000003E-002   1.8702629281623459E-002  -6.7536743939346569E-004
   4.5499999999999998        5.0000000000000003E-002   2.0031026678379794E-002  -1.0445351913208082E-003
   4.6500000000000004        5.0000000000000003E-002   2.1814238209140732E-002  -1.5929578411616959E-003
   4.7500000000000000        5.0000000000000003E-002   2.3661560227768483E-002  -2.0692687476097575E-003
   4.8500000000000005        5.0000000000000003E-002   1.2254922420818087E-002   0.0000000000000000     
  -5.0000000000000003E-002  0.15000000000000002        2.1050961768413933E-002   0.0000000000000000     
   5.0000000000000003E-002  0.15000000000000002        4.1695489917457813E-002   4.4957508192507260E-003
  0.15000000000000002       0.15000000000000002        4.0338859972585253E-002   4.7616367872979019E-003
  0.25000000000000000       0.15000000000000002        3.8303096432518800E-002   3.9399964469654927E-003
  0.35000000000000003       0.15000000000000002        3.6235624552464048E-002   3.0300330312114116E-003
  0.45000000000000001       0.15000000000000002        3.4450553947621365E-002   2.2650226093246027E-003
  0.55000000000000004       0.15000000000000002        3.3022638346526113E-002   1.6677155284989074E-003
  0.65000000000000002       0.15000000000000002        3.1926083747800711E-002   1.2139869384397743E-003
  0.75000000000000000       0.15000000000000002        3.1105317012405435E-002   8.7419532321973258E-004
  0.85000000000000009       0.15000000000000002        3.0502641646042761E-002   6.2238418813672757E-004
  0.95000000000000007       0.15000000000000002        3.0067362509467576E-002   4.3760446807124211E-004
   1.0500000000000000       0.15000000000000002        2.9757893368646773E-002   3.0341315360418551E-004
   1.1500000000000001       0.15000000000000002        2.9541361906228244E-002   2.0706145711036662E-004
   1.2500000000000000       0.15000000000000002        2.9392414103382395E-002   1.3874375582663520E-004
   1.3500000000000001       0.15000000000000002        2.9291863983979524E-002   9.0976301016311396E-005
   1.4500000000000002       0.15000000000000002        2.9225431860847771E-002   5.8097368352462291E-005
   1.5500000000000000       0.15000000000000002        2.9182653810133560E-002   3.5866686210046256E-005
   1.6500000000000001       0.15000000000000002        2.9155978896376115E-002   2.1144311691225170E-005
   1.7500000000000000       0.15000000000000002        2.9140043198726526E-002   1.1633742650770189E-005
   1.8500000000000001       0.15000000000000002        2.9131099039120621E-002   5.6776457073330512E-006
   1.9500000000000002       0.15000000000000002        2.9126574853240897E-002   2.0969161419794968E-006
   2.0500000000000003       0.15000000000000002        2.9124741817312887E-002   6.5302679758282237E-008
   2.1499999999999999       0.15000000000000002        2.9124465713172669E-002  -9.8708485255712273E-007
   2.2500000000000000       0.15000000000000002        2.9125025582823517E-002  -1.4471831387030019E-006
   2.3500000000000001       0.15000000000000002        2.9125983961583543E-002  -1.5743210751533299E-006
   2.4500000000000002       0.15000000000000002        2.9127096608549986E-002  -1.5418399968471939E-006
   2.5500000000000003       0.15000000000000002        2.9128252559971216E-002  -1.4687515634580551E-006
   2.6500000000000004       0.15000000000000002        2.9129438007653087E-002  -1.4447752861741648E-006
   2.7500000000000000       0.15000000000000002        2.9130720027604952E-002  -1.5518819107416518E-006
   2.8500000000000001       0.15000000000000002        2.9132248699752682E-002  -1.8855228703291665E-006
   2.9500000000000002       0.15000000000000002        2.9134278883842610E-002  -2.5791378330150165E-006
   3.0500000000000003       0.15000000000000002        2.9137216142868284E-002  -3.8364215393178429E-006
   3.1500000000000004       0.15000000000000002        2.9141695417233358E-002  -5.9773669842894424E-006
   3.2500000000000000       0.15000000000000002        2.9148706538279008E-002  -9.5065141050740961E-006
   3.3500000000000001       0.15000000000000002        2.9159788115090689E-002  -1.5215426625746699E-005
   3.4500000000000002       0.15000000000000002        2.9177321368371985E-002  -2.4336565598416676E-005
   3.5500000000000003       0.15000000000000002        2.9204968622785193E-002  -3.8772825065480693E-005
   3.6500000000000004       0.15000000000000002        2.9248317317257654E-002  -6.1436313408930901E-005
   3.7500000000000000       0.15000000000000002        2.9315807747095662E-002  -9.6741248871665532E-005
   3.8500000000000001       0.15000000000000002        2.9420035147758594E-002  -1.5130724759394851E-004
   3.9500000000000002       0.15000000000000002        2.9579507289149615E-002  -2.3493471546568955E-004
   4.0499999999999998       0.15000000000000002        2.9820863877035829E-002  -3.6189620803812753E-004
   4.1500000000000004       0.15000000000000002        3.0181309915028303E-002  -5.5249893366366017E-004
   4.2500000000000000       0.15000000000000002        3.0710273176234971E-002  -8.3457402439316179E-004
   4.3500000000000005       0.15000000000000002        3.1467226184689577E-002  -1.2435548299294765E-003
   4.4500000000000002       0.15000000000000002        3.2507193093444915E-002  -1.8161878172656947E-003
   4.5499999999999998       0.15000000000000002        3.3833885355692518E-002  -2.5588085042808901E-003
   4.6500000000000004       0.15000000000000002        3.5290761417839225E-002  -3.3187751905152125E-003
   4.7500000000000000       0.15000000000000002        3.6432050745630690E-002  -3.3320646646510621E-003
   4.8500000000000005       0.15000000000000002        1.8423280697743929E-002   0.0000000000000000     
  -5.0000000000000003E-002  0.25000000000000000        2.4486766268205701E-002   0.0000000000000000     
   5.0000000000000003E-002  0.25000000000000000        4.9038688714127449E-002   4.8370318425339778E-003
  0.15000000000000002       0.25000000000000000        4.8793441670808554E-002   6.0222433924327686E-003
  0.25000000000000000       0.25000000000000000        4.7906025419027207E-002   5.6025870250770967E-003
  0.35000000000000003       0.25000000000000000        4.6669138884348926E-002   4.6718245195273046E-003
  0.45000000000000001       0.25000000000000000        4.5385285190750670E-002   3.6921846867896038E-003
  0.55000000000000004       0.25000000000000000        4.4226377764721631E-002   2.8274106004089281E-003
  0.65000000000000002       0.25000000000000000        4.3258901459265253E-002   2.1183609129972205E-003
  0.75000000000000000       0.25000000000000000        4.2489978509587134E-002   1.5595523298443548E-003
  0.85000000000000009       0.25000000000000000        4.1899464721627915E-002   1.1302599282747628E-003
  0.95000000000000007       0.25000000000000000        4.1457752301478114E-002   8.0676535927804772E-004
   1.0500000000000000       0.25000000000000000        4.1134547765025321E-002   5.6697175279386228E-004
   1.1500000000000001       0.25000000000000000        4.0902709308433857E-002   3.9191867398025458E-004
   1.2500000000000000       0.25000000000000000        4.0739553210339771E-002   2.6603586548690862E-004
   1.3500000000000001       0.25000000000000000        4.0626934846047701E-002   1.7689717514792033E-004
   1.4500000000000002       0.25000000000000000        4.0550788687869092E-002   1.1479799316439369E-004
   1.5500000000000000       0.25000000000000000        4.0500477876265616E-002   7.2296589730114867E-005
   1.6500000000000001       0.25000000000000000        4.0468126572322329E-002   4.3780546689674817E-005
   1.7500000000000000       0.25000000000000000        4.0448014321050108E-002   2.5083500435290006E-005
   1.8500000000000001       0.25000000000000000        4.0436062299590299E-002   1.3160152263294073E-005
   1.9500000000000002       0.25000000000000000        4.0429416095981080E-002   5.8188735190384837E-006
   2.0500000000000003       0.25000000000000000        4.0426117590894067E-002   1.5069281082205153E-006
   2.1499999999999999       0.25000000000000000        4.0424853601916361E-002  -8.5861642644491697E-007
   2.2500000000000000       0.25000000000000000        4.0424767871361116E-002  -2.0218308180400499E-006
   2.3500000000000001       0.25000000000000000        4.0425323864743158E-002  -2.4881228446832483E-006
   2.4500000000000002       0.25000000000000000        4.0426207662056075E-002  -2.6005928927717755E-006
   2.5500000000000003       0.25000000000000000        4.0427262412818438E-002  -2.5988418107408428E-006
   2.6500000000000004       0.25000000000000000        4.0428448129920184E-002  -2.6660211434094537E-006
   2.7500000000000000       0.25000000000000000        4.0429822940374220E-002  -2.9696699991791536E-006
   2.8500000000000001       0.25000000000000000        4.0431544341906683E-002  -3.7020470698353492E-006
   2.9500000000000002       0.25000000000000000        4.0433891669398252E-002  -5.1264008192683073E-006
   3.0500000000000003       0.25000000000000000        4.0437314057917693E-002  -7.6371169747103710E-006
   3.1500000000000004       0.25000000000000000        4.0442511946702842E-002  -1.1844171861392190E-005
   3.2500000000000000       0.25000000000000000        4.0450564846183791E-002  -1.8696072548963661E-005
   3.3500000000000001       0.25000000000000000        4.0463123832588321E-002  -2.9660742353915889E-005
   3.4500000000000002       0.25000000000000000        4.0482693856239253E-002  -4.6990746062062670E-005
   3.5500000000000003       0.25000000000000000        4.0513037456280612E-002  -7.4107538691798499E-005
   3.6500000000000004       0.25000000000000000        4.0559735056480209E-002  -1.1614763331013381E-004
   3.7500000000000000       0.25000000000000000        4.0630931016379553E-002  -1.8071759832711409E-004
   3.8500000000000001       0.25000000000000000        4.0738264407917384E-002  -2.7889431279135945E-004
   3.9500000000000002       0.25000000000000000        4.0897898274549649E-002  -4.2645738648792992E-004
   4.0499999999999998       0.25000000000000000        4.1131357716025094E-002  -6.4519412751563670E-004
   4.1500000000000004       0.25000000000000000        4.1465440169860222E-002  -9.6373459840567001E-004
   4.2500000000000000       0.25000000000000000        4.1929541846209978E-002  -1.4164086005285187E-003
   4.3500000000000005       0.25000000000000000        4.2547038939670496E-002  -2.0361755442778288E-003
   4.4500000000000002       0.25000000000000000        4.3314968886690633E-002  -2.8314687169862314E-003
   4.5499999999999998       0.25000000000000000        4.4166259070162354E-002  -3.7215140896353139E-003
   4.6500000000000004       0.25000000000000000        4.4925636303084139E-002  -4.3723259752741902E-003
   4.7500000000000000       0.25000000000000000        4.5342853494708478E-002  -3.8370223227940925E-003
   4.8500000000000005       0.25000000000000000        2.2716649924249786E-002   0.0000000000000000     
  -5.0000000000000003E-002  0.35000000000000003        2.6649273469167345E-002   0.0000000000000000     
   5.0000000000000003E-002  0.35000000000000003        5.3590837291908340E-002   4.4795888935821784E-003
  0.15000000000000002       0.35000000000000003        5.4028560788739771E-002   6.1872205301097740E-003
  0.25000000000000000       0.35000000000000003        5.4095835322093631E-002   6.2577690003736983E-003
  0.35000000000000003       0.35000000000000003        5.3785819103961130E-002   5.5635689526611623E-003
  0.45000000000000001       0.35000000000000003        5.3255907548637287E-002   4.6142347742523914E-003
  0.55000000000000004       0.35000000000000003        5.2655997007654116E-002   3.6642126064870156E-003
  0.65000000000000002       0.35000000000000003        5.2082588792175227E-002   2.8224815739452580E-003
  0.75000000000000000       0.35000000000000003        5.1583610225114748E-002   2.1233744846736059E-003
  0.85000000000000009       0.35000000000000003        5.1174724087179886E-002   1.5658812935285100E-003
  0.95000000000000007       0.35000000000000003        5.0853581070859397E-002   1.1340445054724602E-003
   1.0500000000000000       0.35000000000000003        5.0609399382841154E-002   8.0712464305728135E-004
   1.1500000000000001       0.35000000000000003        5.0428606669070071E-002   5.6444284852643527E-004
   1.2500000000000000       0.35000000000000003        5.0297824987868126E-002   3.8749489185910783E-004
   1.3500000000000001       0.35000000000000003        5.0205243458344880E-002   2.6068253757036640E-004
   1.4500000000000002       0.35000000000000003        5.0141083420368077E-002   1.7136203849834025E-004
   1.5500000000000000       0.35000000000000003        5.0097591707657096E-002   1.0957672808140084E-004
   1.6500000000000001       0.35000000000000003        5.0068816404906305E-002   6.7666928864853427E-005
   1.7500000000000000       0.35000000000000003        5.0050306187184326E-002   3.9857624075711628E-005
   1.8500000000000001       0.35000000000000003        5.0038806627203468E-002   2.1873686463223283E-005
   1.9500000000000002       0.35000000000000003        5.0031987816695656E-002   1.0604421371226325E-005
   2.0500000000000003       0.35000000000000003        5.0028216017551336E-002   3.8237202574714039E-006
   2.1499999999999999       0.35000000000000003        5.0026370737082583E-002  -3.6143835814425150E-008
   2.2500000000000000       0.35000000000000003        5.0025703257984125E-002  -2.0631387603783961E-006
   2.3500000000000001       0.35000000000000003        5.0025730642714913E-002  -3.0042745918176837E-006
   2.4500000000000002       0.35000000000000003        5.0026159039890904E-002  -3.3727497825539005E-006
   2.5500000000000003       0.35000000000000003        5.0026830874900813E-002  -3.5314150082939818E-006
   2.6500000000000004       0.35000000000000003        5.0027691733871435E-002  -3.7601984234695463E-006
   2.7500000000000000       0.35000000000000003        5.0028774222329757E-002  -4.3149981464230303E-006
   2.8500000000000001       0.35000000000000003        5.0030197718016825E-002  -5.4858577948732201E-006
   2.9500000000000002       0.35000000000000003        5.0032184750757332E-002  -7.6632292460294532E-006
   3.0500000000000003       0.35000000000000003        5.0035096780288370E-002  -1.1423021261025450E-005
   3.1500000000000004       0.35000000000000003        5.0039494440414264E-002  -1.7644158117926544E-005
   3.2500000000000000       0.35000000000000003        5.0046229811135490E-002  -2.7676704631656700E-005
   3.3500000000000001       0.35000000000000003        5.0056580645990820E-002  -4.3584248887636766E-005
   3.4500000000000002       0.35000000000000003        5.0072437840112068E-002  -6.8490684150742721E-005
   3.5500000000000003       0.35000000000000003        5.0096555774523592E-002  -1.0706718357249539E-004
   3.6500000000000004       0.35000000000000003        5.0132866385842176E-002  -1.6619594899004296E-004
   3.7500000000000000       0.35000000000000003        5.0186833871879992E-002  -2.5583401965089390E-004
   3.8500000000000001       0.35000000000000003        5.0265773126142041E-002  -3.9005317227420273E-004
   3.9500000000000002       0.35000000000000003        5.0378945911509085E-002  -5.8810892062850729E-004
   4.0499999999999998       0.35000000000000003        5.0537045119589161E-002  -8.7510581803151247E-004
   4.1500000000000004       0.35000000000000003        5.0750332352553912E-002  -1.2811977011620626E-003
   4.2500000000000000       0.35000000000000003        5.1024202917336864E-002  -1.8369230559422639E-003
   4.3500000000000005       0.35000000000000003        5.1350552573812235E-002  -2.5595130401911276E-003
   4.4500000000000002       0.35000000000000003        5.1694111203557186E-002  -3.4196245675385483E-003
   4.5499999999999998       0.35000000000000003        5.1978297426971964E-002  -4.2688386948004954E-003
   4.6500000000000004       0.35000000000000003        5.2092470101976845E-002  -4.6985543602026062E-003
   4.7500000000000000       0.35000000000000003        5.1977308506470761E-002  -3.8128514618793420E-003
   4.8500000000000005       0.35000000000000003        2.5931345317884224E-002   0.0000000000000000     
  -5.0000000000000003E-002  0.45000000000000001        2.8084428293258520E-002   0.0000000000000000     
   5.0000000000000003E-002  0.45000000000000001        5.6557033275513098E-002   3.7991254341209224E-003
  0.15000000000000002       0.45000000000000001        5.7364705749501352E-002   5.6222986632360871E-003
  0.25000000000000000       0.45000000000000001        5.8082203016267119E-002   6.0379364651531155E-003
  0.35000000000000003       0.45000000000000001        5.8536158277135007E-002   5.6394861051344315E-003
  0.45000000000000001       0.45000000000000001        5.8739274980955686E-002   4.8651417497586023E-003
  0.55000000000000004       0.45000000000000001        5.8767010810287304E-002   3.9855144739173150E-003
  0.65000000000000002       0.45000000000000001        5.8695344076259023E-002   3.1462928063341988E-003
  0.75000000000000000       0.45000000000000001        5.8580175173243189E-002   2.4137520246569717E-003
  0.85000000000000009       0.45000000000000001        5.8456114700728555E-002   1.8084939601294276E-003
  0.95000000000000007       0.45000000000000001        5.8341571655195164E-002   1.3271629761043566E-003
   1.0500000000000000       0.45000000000000001        5.8244428771553745E-002   9.5537655482329676E-004
   1.1500000000000001       0.45000000000000001        5.8166474437951247E-002   6.7498387569605352E-004
   1.2500000000000000       0.45000000000000001        5.8106373837253644E-002   4.6788156382443805E-004
   1.3500000000000001       0.45000000000000001        5.8061474347858744E-002   3.1782137382672780E-004
   1.4500000000000002       0.45000000000000001        5.8028811543099704E-002   2.1108924990256747E-004
   1.5500000000000000       0.45000000000000001        5.8005613887208159E-002   1.3658053728199033E-004
   1.6500000000000001       0.45000000000000001        5.7989514160601725E-002   8.5578055119052253E-005
   1.7500000000000000       0.45000000000000001        5.7978601006093873E-002   5.1407899065080750E-005
   1.8500000000000001       0.45000000000000001        5.7971391162183555E-002   2.9068884149955737E-005
   1.9500000000000002       0.45000000000000001        5.7966768525147233E-002   1.4884731945187650E-005
   2.0500000000000003       0.45000000000000001        5.7963914941792254E-002   6.2008212834534949E-006
   2.1499999999999999       0.45000000000000001        5.7962245094825213E-002   1.1318718313451696E-006
   2.2500000000000000       0.45000000000000001        5.7961350766450377E-002  -1.6413973310901214E-006
   2.3500000000000001       0.45000000000000001        5.7960955995268876E-002  -3.0327158813064837E-006
   2.4500000000000002       0.45000000000000001        5.7960882816646714E-002  -3.6756453641542174E-006
   2.5500000000000003       0.45000000000000001        5.7961026564710652E-002  -4.0222505353001413E-006
   2.6500000000000004       0.45000000000000001        5.7961339625632401E-002  -4.4234606135660249E-006
   2.7500000000000000       0.45000000000000001        5.7961822783789578E-002  -5.1995923840348694E-006
   2.8500000000000001       0.45000000000000001        5.7962523734932353E-002  -6.7099554170056782E-006
   2.9500000000000002       0.45000000000000001        5.7963542852431847E-002  -9.4315644573264234E-006
   3.0500000000000003       0.45000000000000001        5.7965046790433211E-002  -1.4058972444600252E-005
   3.1500000000000004       0.45000000000000001        5.7967290846169736E-002  -2.1640269381063377E-005
   3.2500000000000000       0.45000000000000001        5.7970650898653983E-002  -3.3768370637605567E-005
   3.3500000000000001       0.45000000000000001        5.7975664631989471E-002  -5.2851475522138212E-005
   3.4500000000000002       0.45000000000000001        5.7983078566101437E-002  -8.2490821019069060E-005
   3.5500000000000003       0.45000000000000001        5.7993890207596266E-002  -1.2799468097010887E-004
   3.6500000000000004       0.45000000000000001        5.8009360033132867E-002  -1.9704864878793065E-004
   3.7500000000000000       0.45000000000000001        5.8030940622059338E-002  -3.0053069857277729E-004
   3.8500000000000001       0.45000000000000001        5.8060022329083028E-002  -4.5338010356685309E-004
   3.9500000000000002       0.45000000000000001        5.8097317974562995E-002  -6.7525417669344874E-004
   4.0499999999999998       0.45000000000000001        5.8141601911224541E-002  -9.9034829729066501E-004
   4.1500000000000004       0.45000000000000001        5.8187413558890261E-002  -1.4250592246183114E-003
   4.2500000000000000       0.45000000000000001        5.8221368312865868E-002  -2.0008921834879611E-003
   4.3500000000000005       0.45000000000000001        5.8217294466077346E-002  -2.7178249379440646E-003
   4.4500000000000002       0.45000000000000001        5.8132502304451557E-002  -3.5200839202481184E-003
   4.5499999999999998       0.45000000000000001        5.7912850878796079E-002  -4.2329181991931884E-003
   4.6500000000000004       0.45000000000000001        5.7524408327453876E-002  -4.4602080695290867E-003
   4.7500000000000000       0.45000000000000001        5.7039784733658332E-002  -3.4514144960431114E-003
   4.8500000000000005       0.45000000000000001        2.8396482490435498E-002   0.0000000000000000     
  -5.0000000000000003E-002  0.55000000000000004        2.9053958213509069E-002   0.0000000000000000     
   5.0000000000000003E-002  0.55000000000000004        5.8530070666717379E-002   2.9887980893053916E-003
  0.15000000000000002       0.55000000000000004        5.9522579821019363E-002   4.6324550264954314E-003
  0.25000000000000000       0.55000000000000004        6.0642048556758761E-002   5.1908315008968343E-003
  0.35000000000000003       0.55000000000000004        6.1645192966689598E-002   5.0295150629533448E-003
  0.45000000000000001       0.55000000000000004        6.2443509888873552E-002   4.4737084472189336E-003
  0.55000000000000004       0.55000000000000004        6.3035094423371782E-002   3.7576615486748523E-003
  0.65000000000000002       0.55000000000000004        6.3453748247750172E-002   3.0271967957666611E-003
  0.75000000000000000       0.55000000000000004        6.3740860174970118E-002   2.3609463165806112E-003
  0.85000000000000009       0.55000000000000004        6.3933293064277849E-002   1.7929708495001079E-003
  0.95000000000000007       0.55000000000000004        6.4059889940078857E-002   1.3306773322524557E-003
   1.0500000000000000       0.55000000000000004        6.4141743132197088E-002   9.6719769969398086E-004
   1.1500000000000001       0.55000000000000004        6.4193688915800989E-002   6.8921716950626655E-004
   1.2500000000000000       0.55000000000000004        6.4225919863382969E-002   4.8156333598290248E-004
   1.3500000000000001       0.55000000000000004        6.4245332155641613E-002   3.2967128243618666E-004
   1.4500000000000002       0.55000000000000004        6.4256539625705864E-002   2.2073787423968066E-004
   1.5500000000000000       0.55000000000000004        6.4262598367720844E-002   1.4411247145791861E-004
   1.6500000000000001       0.55000000000000004        6.4265510758491948E-002   9.1273355143316128E-005
   1.7500000000000000       0.55000000000000004        6.4266571267859007E-002   5.5603265389380837E-005
   1.8500000000000001       0.55000000000000004        6.4266602101779174E-002   3.2088588987275735E-005
   1.9500000000000002       0.55000000000000004        6.4266113144577600E-002   1.7010674844834380E-005
   2.0500000000000003       0.55000000000000004        6.4265410119183825E-002   7.6635095644986194E-006
   2.1499999999999999       0.55000000000000004        6.4264667339797410E-002   2.1117931255736080E-006
   2.2500000000000000       0.55000000000000004        6.4263976224758323E-002  -1.0079309593004780E-006
   2.3500000000000001       0.55000000000000004        6.4263377185995355E-002  -2.6464633535631167E-006
   2.4500000000000002       0.55000000000000004        6.4262880074158243E-002  -3.4677299190000081E-006
   2.5500000000000003       0.55000000000000004        6.4262476652483067E-002  -3.9486441236433536E-006
   2.6500000000000004       0.55000000000000004        6.4262147327910302E-002  -4.4609846185158228E-006
   2.7500000000000000       0.55000000000000004        6.4261863391444601E-002  -5.3435031802249481E-006
   2.8500000000000001       0.55000000000000004        6.4261585152964068E-002  -6.9730056904346796E-006
   2.9500000000000002       0.55000000000000004        6.4261255446427384E-002  -9.8442114142914647E-006
   3.0500000000000003       0.55000000000000004        6.4260786851181625E-002  -1.4669991306172653E-005
   3.1500000000000004       0.55000000000000004        6.4260039383054190E-002  -2.2516189666163823E-005
   3.2500000000000000       0.55000000000000004        6.4258783007695039E-002  -3.4988487468775866E-005
   3.3500000000000001       0.55000000000000004        6.4256635603531023E-002  -5.4492019406409293E-005
   3.4500000000000002       0.55000000000000004        6.4252961210787385E-002  -8.4586062193654787E-005
   3.5500000000000003       0.55000000000000004        6.4246704538621108E-002  -1.3045247732858283E-004
   3.6500000000000004       0.55000000000000004        6.4236124604558770E-002  -1.9948051554406960E-004
   3.7500000000000000       0.55000000000000004        6.4218372284500405E-002  -3.0192841713159036E-004
   3.8500000000000001       0.55000000000000004        6.4188834851305707E-002  -4.5152932169057191E-004
   3.9500000000000002       0.55000000000000004        6.4140153519026424E-002  -6.6572304317038839E-004
   4.0499999999999998       0.55000000000000004        6.4060834000521164E-002  -9.6484845503708031E-004
   4.1500000000000004       0.55000000000000004        6.3933484340639446E-002  -1.3690261923565239E-003
   4.2500000000000000       0.55000000000000004        6.3733087676021261E-002  -1.8904886525595843E-003
   4.3500000000000005       0.55000000000000004        6.3426667071592835E-002  -2.5177392474908297E-003
   4.4500000000000002       0.55000000000000004        6.2977732532065817E-002  -3.1864477045373141E-003
   4.5499999999999998       0.55000000000000004        6.2362467706608221E-002  -3.7316422336480248E-003
   4.6500000000000004       0.55000000000000004        6.1608975075126561E-002  -3.8195519501980856E-003
   4.7500000000000000       0.55000000000000004        6.0871416575200704E-002  -2.8698904593420934E-003
   4.8500000000000005       0.55000000000000004        3.0268355815988156E-002   0.0000000000000000     
  -5.0000000000000003E-002  0.65000000000000002        2.9696921172824516E-002   0.0000000000000000     
   5.0000000000000003E-002  0.65000000000000002        5.9823498912260582E-002   2.1369908675852841E-003
  0.15000000000000002       0.65000000000000002        6.0901015169787361E-002   3.4142474851385548E-003
  0.25000000000000000       0.65000000000000002        6.2252332447683745E-002   3.9382704332842581E-003
  0.35000000000000003       0.65000000000000002        6.3615182713455759E-002   3.9161051231637340E-003
  0.45000000000000001       0.65000000000000002        6.4842203036530349E-002   3.5618104273853002E-003
  0.55000000000000004       0.65000000000000002        6.5872087373275739E-002   3.0481248376092031E-003
  0.65000000000000002       0.65000000000000002        6.6696366037748686E-002   2.4938391763460062E-003
  0.75000000000000000       0.65000000000000002        6.7333689286018503E-002   1.9699100690216721E-003
  0.85000000000000009       0.65000000000000002        6.7813443616252564E-002   1.5118634773722316E-003
  0.95000000000000007       0.65000000000000002        6.8166668969792510E-002   1.1320075512021366E-003
   1.0500000000000000       0.65000000000000002        6.8421688799826172E-002   8.2904026696868605E-004
   1.1500000000000001       0.65000000000000002        6.8602443383182776E-002   5.9472012136576799E-004
   1.2500000000000000       0.65000000000000002        6.8728230630735077E-002   4.1808759788728502E-004
   1.3500000000000001       0.65000000000000002        6.8814101125572569E-002   2.8790871196071556E-004
   1.4500000000000002       0.65000000000000002        6.8871500077030967E-002   1.9393721542120018E-004
   1.5500000000000000       0.65000000000000002        6.8908950216611919E-002   1.2744588668081654E-004
   1.6500000000000001       0.65000000000000002        6.8932680415975528E-002   8.1337241171029366E-005
   1.7500000000000000       0.65000000000000002        6.8947163225008282E-002   5.0034075134475148E-005
   1.8500000000000001       0.65000000000000002        6.8955554024501001E-002   2.9272200129222165E-005
   1.9500000000000002       0.65000000000000002        6.8960038402800780E-002   1.5865689597465344E-005
   2.0500000000000003       0.65000000000000002        6.8962100040660654E-002   7.4818987592996910E-006
   2.1499999999999999       0.65000000000000002        6.8962722798150189E-002   2.4434036076772755E-006
   2.2500000000000000       0.65000000000000002        6.8962539990988725E-002  -4.3767983556085288E-007
   2.3500000000000001       0.65000000000000002        6.8961942172345442E-002  -1.9939523851557480E-006
   2.4500000000000002       0.65000000000000002        6.8961152708651968E-002  -2.8097916047908948E-006
   2.5500000000000003       0.65000000000000002        6.8960278350391535E-002  -3.3069576120406494E-006
   2.6500000000000004       0.65000000000000002        6.8959339967088626E-002  -3.8151475833130757E-006
   2.7500000000000000       0.65000000000000002        6.8958286638847080E-002  -4.6342915935169638E-006
   2.8500000000000001       0.65000000000000002        6.8956994295184246E-002  -6.0958865869686692E-006
   2.9500000000000002       0.65000000000000002        6.8955247921935525E-002  -8.6315403165719924E-006
   3.0500000000000003       0.65000000000000002        6.8952703818715100E-002  -1.2858290788322298E-005
   3.1500000000000004       0.65000000000000002        6.8948825232064873E-002  -1.9692191415590800E-005
   3.2500000000000000       0.65000000000000002        6.8942780626537040E-002  -3.0503870168919792E-005
   3.3500000000000001       0.65000000000000002        6.8933288617065949E-002  -4.7331561019233990E-005
   3.4500000000000002       0.65000000000000002        6.8918387042148602E-002  -7.3166804205197590E-005
   3.5500000000000003       0.65000000000000002        6.8895096122125132E-002  -1.1232222021794872E-004
   3.6500000000000004       0.65000000000000002        6.8858938515133958E-002  -1.7087301343438226E-004
   3.7500000000000000       0.65000000000000002        6.8803276166115507E-002  -2.5712257806529537E-004
   3.8500000000000001       0.65000000000000002        6.8718434003558176E-002  -3.8195824042058644E-004
   3.9500000000000002       0.65000000000000002        6.8590622700543322E-002  -5.5880527398218156E-004
   4.0499999999999998       0.65000000000000002        6.8400784725287878E-002  -8.0261335050317356E-004
   4.1500000000000004       0.65000000000000002        6.8123740348088060E-002  -1.1268724115988860E-003
   4.2500000000000000       0.65000000000000002        6.7728522388565013E-002  -1.5370331703536732E-003
   4.3500000000000005       0.65000000000000002        6.7181728651660610E-002  -2.0179856310301009E-003
   4.4500000000000002       0.65000000000000002        6.6457235950564811E-002  -2.5127788867785540E-003
   4.5499999999999998       0.65000000000000002        6.5557570435075208E-002  -2.8903847897983046E-003
   4.6500000000000004       0.65000000000000002        6.4553593791051259E-002  -2.9033432236166279E-003
   4.7500000000000000       0.65000000000000002        6.3647336833075108E-002  -2.1422856701230606E-003
   4.8500000000000005       0.65000000000000002        3.1627218163133526E-002   0.0000000000000000     
  -5.0000000000000003E-002  0.75000000000000000        3.0090985611554325E-002   0.0000000000000000     
   5.0000000000000003E-002  0.75000000000000000        6.0610032521608001E-002   1.2792765876044781E-003
  0.15000000000000002       0.75000000000000000        6.1722589415054062E-002   2.0818992645266808E-003
  0.25000000000000000       0.75000000000000000        6.3196737109560350E-002   2.4451710886478533E-003
  0.35000000000000003       0.75000000000000000        6.4771169625076480E-002   2.4719453579636406E-003
  0.45000000000000001       0.75000000000000000        6.6269000713312418E-002   2.2811480703543870E-003
  0.55000000000000004       0.75000000000000000        6.7591477375481532E-002   1.9764603394983250E-003
  0.65000000000000002       0.75000000000000000        6.8698814671843106E-002   1.6339258750232685E-003
  0.75000000000000000       0.75000000000000000        6.9589490501144755E-002   1.3018656036345620E-003
  0.85000000000000009       0.75000000000000000        7.0283303552543253E-002   1.0063841623927778E-003
  0.95000000000000007       0.75000000000000000        7.0809495658991820E-002   7.5811448265678818E-004
   1.0500000000000000       0.75000000000000000        7.1199349935720399E-002   5.5810503625306667E-004
   1.1500000000000001       0.75000000000000000        7.1482103297142829E-002   4.0219329133955742E-004
   1.2500000000000000       0.75000000000000000        7.1683056303070827E-002   2.8391958020786552E-004
   1.3500000000000001       0.75000000000000000        7.1823013867674271E-002   1.9629314466396960E-004
   1.4500000000000002       0.75000000000000000        7.1918457335492000E-002   1.3275355090500531E-004
   1.5500000000000000       0.75000000000000000        7.1982064870337939E-002   8.7613509495242887E-005
   1.6500000000000001       0.75000000000000000        7.2023351983456690E-002   5.6192191732684742E-005
   1.7500000000000000       0.75000000000000000        7.2049306663926574E-002   3.4779643651662236E-005
   1.8500000000000001       0.75000000000000000        7.2064957712344863E-002   2.0520832556762897E-005
   1.9500000000000002       0.75000000000000000        7.2073852785047479E-002   1.1271647990659094E-005
   2.0500000000000003       0.75000000000000000        7.2078443610995413E-002   5.4554882016882638E-006
   2.1499999999999999       0.75000000000000000        7.2080386310989036E-002   1.9343301394613996E-006
   2.2500000000000000       0.75000000000000000        7.2080768995517713E-002  -1.0054817226069384E-007
   2.3500000000000001       0.75000000000000000        7.2080279551190965E-002  -1.2179197826185797E-006
   2.4500000000000002       0.75000000000000000        7.2079325394296831E-002  -1.8183328516377276E-006
   2.5500000000000003       0.75000000000000000        7.2078114928252501E-002  -2.1917498333088083E-006
   2.6500000000000004       0.75000000000000000        7.2076707992510314E-002  -2.5652230944013642E-006
   2.7500000000000000       0.75000000000000000        7.2075039947529354E-002  -3.1450613053748679E-006
   2.8500000000000001       0.75000000000000000        7.2072921226862249E-002  -4.1583064180037530E-006
   2.9500000000000002       0.75000000000000000        7.2070011100990802E-002  -5.8989135788274227E-006
   3.0500000000000003       0.75000000000000000        7.2065760855568026E-002  -8.7848987436494428E-006
   3.1500000000000004       0.75000000000000000        7.2059317372914683E-002  -1.3433873710670195E-005
   3.2500000000000000       0.75000000000000000        7.2049373045639575E-002  -2.0765624655418444E-005
   3.3500000000000001       0.75000000000000000        7.2033942055622885E-002  -3.2141150070779421E-005
   3.4500000000000002       0.75000000000000000        7.2010036800284449E-002  -4.9546642217507387E-005
   3.5500000000000003       0.75000000000000000        7.1973213123681504E-002  -7.5825869717762069E-005
   3.6500000000000004       0.75000000000000000        7.1916952470405318E-002  -1.1495089359678367E-004
   3.7500000000000000       0.75000000000000000        7.1831860223285582E-002  -1.7229143875294905E-004
   3.8500000000000001       0.75000000000000000        7.1704695744191888E-002  -2.5478542347329934E-004
   3.9500000000000002       0.75000000000000000        7.1517334722611375E-002  -3.7080956183338851E-004
   4.0499999999999998       0.75000000000000000        7.1245937191956710E-002  -5.2937818787191231E-004
   4.1500000000000004       0.75000000000000000        7.0860912472863649E-002  -7.3804364091319445E-004
   4.2500000000000000       0.75000000000000000        7.0328806715925382E-002  -9.9854359664771426E-004
   4.3500000000000005       0.75000000000000000        6.9618045883048152E-002  -1.2989258878120206E-003
   4.4500000000000002       0.75000000000000000        6.8711506693561089E-002  -1.6008115548705173E-003
   4.5499999999999998       0.75000000000000000        6.7629864436155512E-002  -1.8210484356866519E-003
   4.6500000000000004       0.75000000000000000        6.6469841966726964E-002  -1.8086835749963508E-003
   4.7500000000000000       0.75000000000000000        6.5459775439648399E-002  -1.3206237793052182E-003
   4.8500000000000005       0.75000000000000000        3.2515506696822676E-002   0.0000000000000000     
  -5.0000000000000003E-002  0.85000000000000009        3.0278569475890835E-002   0.0000000000000000     
   5.0000000000000003E-002  0.85000000000000009        6.0982749285491342E-002   4.2560854090498092E-004
  0.15000000000000002       0.85000000000000009        6.2107066753476908E-002   6.9870360119162866E-004
  0.25000000000000000       0.85000000000000009        6.3633541139532651E-002   8.2776208020456880E-004
  0.35000000000000003       0.85000000000000009        6.5304900860350582E-002   8.4358580352812879E-004
  0.45000000000000001       0.85000000000000009        6.6932553999067182E-002   7.8405268915358493E-004
  0.55000000000000004       0.85000000000000009        6.8400145482576225E-002   6.8352172098684074E-004
  0.65000000000000002       0.85000000000000009        6.9651698564348011E-002   5.6801227876697913E-004
  0.75000000000000000       0.85000000000000009        7.0674287373438532E-002   4.5455587387304444E-004
  0.85000000000000009       0.85000000000000009        7.1481538432464922E-002   3.5267338390636413E-004
  0.95000000000000007       0.85000000000000009        7.2100725509283398E-002   2.6649115454452165E-004
   1.0500000000000000       0.85000000000000009        7.2563942485529581E-002   1.9670291832618960E-004
   1.1500000000000001       0.85000000000000009        7.2902749380549095E-002   1.4208103555689855E-004
   1.2500000000000000       0.85000000000000009        7.3145363366008409E-002   1.0051024836280540E-004
   1.3500000000000001       0.85000000000000009        7.3315524299822743E-002   6.9628449966495425E-005
   1.4500000000000002       0.85000000000000009        7.3432358301731004E-002   4.7183960267971380E-005
   1.5500000000000000       0.85000000000000009        7.3510769286230002E-002   3.1206210141313570E-005
   1.6500000000000001       0.85000000000000009        7.3562058491704829E-002   2.0063054791315013E-005
   1.7500000000000000       0.85000000000000009        7.3594595572604463E-002   1.2455024227919262E-005
   1.8500000000000001       0.85000000000000009        7.3614447320213133E-002   7.3787013042631730E-006
   1.9500000000000002       0.85000000000000009        7.3625921552733162E-002   4.0785125336116438E-006
   2.0500000000000003       0.85000000000000009        7.3632013714023115E-002   1.9976449947774268E-006
   2.1499999999999999       0.85000000000000009        7.3634759750972723E-002   7.3340709082844241E-007
   2.2500000000000000       0.85000000000000009        7.3635506249298308E-002  -8.7488693189512376E-010
   2.3500000000000001       0.85000000000000009        7.3635111161637817E-002  -4.0716195871052232E-007
   2.4500000000000002       0.85000000000000009        7.3634088015241073E-002  -6.2791853384303225E-007
   2.5500000000000003       0.85000000000000009        7.3632704587161660E-002  -7.6642950972220018E-007
   2.6500000000000004       0.85000000000000009        7.3631044427171777E-002  -9.0363603467300312E-007
   2.7500000000000000       0.85000000000000009        7.3629036642360146E-002  -1.1130385351494627E-006
   2.8500000000000001       0.85000000000000009        7.3626456127130105E-002  -1.4753487145779888E-006
   2.9500000000000002       0.85000000000000009        7.3622892859493388E-002  -2.0947716796748711E-006
   3.0500000000000003       0.85000000000000009        7.3617684827034693E-002  -3.1190945501059692E-006
   3.1500000000000004       0.85000000000000009        7.3609804410562085E-002  -4.7661406141353086E-006
   3.2500000000000000       0.85000000000000009        7.3597682545551157E-002  -7.3595377718201629E-006
   3.3500000000000001       0.85000000000000009        7.3578948893196328E-002  -1.1376940876473716E-005
   3.4500000000000002       0.85000000000000009        7.3550060428495753E-002  -1.7513392560321587E-005
   3.5500000000000003       0.85000000000000009        7.3505787443936765E-002  -2.6760546884963115E-005
   3.6500000000000004       0.85000000000000009        7.3438529542126693E-002  -4.0497456465755245E-005
   3.7500000000000000       0.85000000000000009        7.3337453491886903E-002  -6.0577921354889890E-005
   3.8500000000000001       0.85000000000000009        7.3187495280922693E-002  -8.9378942607003516E-005
   3.9500000000000002       0.85000000000000009        7.2968375446706840E-002  -1.2973898925409337E-004
   4.0499999999999998       0.85000000000000009        7.2653976857877819E-002  -1.8465727922052671E-004
   4.1500000000000004       0.85000000000000009        7.2212774424793513E-002  -2.5654256754578360E-004
   4.2500000000000000       0.85000000000000009        7.1610529649577620E-002  -3.4569951693087385E-004
   4.3500000000000005       0.85000000000000009        7.0817171378674076E-002  -4.4765612314422447E-004
   4.4500000000000002       0.85000000000000009        6.9820568635615518E-002  -5.4894420827437832E-004
   4.5499999999999998       0.85000000000000009        6.8650456699842696E-002  -6.2116568080834960E-004
   4.6500000000000004       0.85000000000000009        6.7415599593134076E-002  -6.1368986809894489E-004
   4.7500000000000000       0.85000000000000009        6.6355977718431644E-002  -4.4593103228021539E-004
   4.8500000000000005       0.85000000000000009        3.2955023177321061E-002   0.0000000000000000     
