  -5.0000000000000003E-002  -5.0000000000000003E-002   6.1527736483255038E-003   0.0000000000000000     
   5.0000000000000003E-002  -5.0000000000000003E-002   1.0839015246190773E-002   1.4665320509809365E-003
  0.15000000000000002       -5.0000000000000003E-002   8.3267665595254045E-003   1.0457166374434402E-003
  0.25000000000000000       -5.0000000000000003E-002   6.6578779613916698E-003   6.2317196336760059E-004
  0.35000000000000003       -5.0000000000000003E-002   5.6594707136043247E-003   3.7523528813513318E-004
  0.45000000000000001       -5.0000000000000003E-002   5.0462773836783019E-003   2.3795804605035236E-004
  0.55000000000000004       -5.0000000000000003E-002   4.6505438005025011E-003   1.5777554201899690E-004
  0.65000000000000002       -5.0000000000000003E-002   4.3853950061634893E-003   1.0737325712294895E-004
  0.75000000000000000       -5.0000000000000003E-002   4.2041569278517378E-003   7.3864826023857207E-005
  0.85000000000000009       -5.0000000000000003E-002   4.0794422169520778E-003   5.0849888732329077E-005
  0.95000000000000007       -5.0000000000000003E-002   3.9937938079400645E-003   3.4798523408835921E-005
   1.0500000000000000       -5.0000000000000003E-002   3.9354369904131895E-003   2.3558295181415959E-005
   1.1500000000000001       -5.0000000000000003E-002   3.8961735249275443E-003   1.5705169828956189E-005
   1.2500000000000000       -5.0000000000000003E-002   3.8702047090025350E-003   1.0263642402106196E-005
   1.3500000000000001       -5.0000000000000003E-002   3.8534118233469199E-003   6.5292373569752285E-006
   1.4500000000000002       -5.0000000000000003E-002   3.8428695274733103E-003   4.0130484225418106E-006
   1.5500000000000000       -5.0000000000000003E-002   3.8365192933137427E-003   2.3371732291892369E-006
   1.6500000000000001       -5.0000000000000003E-002   3.8329178525944043E-003   1.2642503309418542E-006
   1.7500000000000000       -5.0000000000000003E-002   3.8310780450540849E-003   5.7553827328293797E-007
   1.8500000000000001       -5.0000000000000003E-002   3.8303194042916240E-003   1.8307940574838840E-007
   1.9500000000000002       -5.0000000000000003E-002   3.8302034749997894E-003  -6.7173063261972129E-008
   2.0500000000000003       -5.0000000000000003E-002   3.8304264431869069E-003  -1.5582031993377684E-007
   2.1499999999999999       -5.0000000000000003E-002   3.8308226349941486E-003  -2.4039301398316403E-007
   2.2500000000000000       -5.0000000000000003E-002   3.8312589911190745E-003  -1.9598326476394372E-007
   2.3500000000000001       -5.0000000000000003E-002   3.8317044478534536E-003  -2.4948466546651453E-007
   2.4500000000000002       -5.0000000000000003E-002   3.8320885348440748E-003  -1.3460675620612139E-007
   2.5500000000000003       -5.0000000000000003E-002   3.8324548278156458E-003  -2.3167489498345705E-007
   2.6500000000000004       -5.0000000000000003E-002   3.8327379043697827E-003  -5.1376772276343001E-008
   2.7500000000000000       -5.0000000000000003E-002   3.8330430036906710E-003  -2.5367435608072774E-007
   2.8500000000000001       -5.0000000000000003E-002   3.8332772682258347E-003   1.9478924112468212E-008
   2.9500000000000002       -5.0000000000000003E-002   3.8336299335853656E-003  -3.7204482287614919E-007
   3.0500000000000003       -5.0000000000000003E-002   3.8339640742261682E-003   3.8031094169310804E-008
   3.1500000000000004       -5.0000000000000003E-002   3.8346167619476923E-003  -6.9055665566569526E-007
   3.2500000000000000       -5.0000000000000003E-002   3.8354166698961133E-003  -1.0915758913581077E-007
   3.3500000000000001       -5.0000000000000003E-002   3.8369860350498546E-003  -1.4599776515058152E-006
   3.4500000000000002       -5.0000000000000003E-002   3.8392038620198173E-003  -7.5758782863486565E-007
   3.5500000000000003       -5.0000000000000003E-002   3.8432738324122848E-003  -3.3120892858503698E-006
   3.6500000000000004       -5.0000000000000003E-002   3.8494260810562255E-003  -2.8398396755416843E-006
   3.7500000000000000       -5.0000000000000003E-002   3.8601175192005187E-003  -7.8512574795208009E-006
   3.8500000000000001       -5.0000000000000003E-002   3.8768260705376889E-003  -8.8569371037453063E-006
   3.9500000000000002       -5.0000000000000003E-002   3.9048854261729670E-003  -1.9202056541777855E-005
   4.0499999999999998       -5.0000000000000003E-002   3.9495907395153953E-003  -2.5502894261293865E-005
   4.1500000000000004       -5.0000000000000003E-002   4.0235440401052251E-003  -4.8450058454984978E-005
   4.2500000000000000       -5.0000000000000003E-002   4.1439490281618783E-003  -7.1954598917374349E-005
   4.3500000000000005       -5.0000000000000003E-002   4.3458010300486370E-003  -1.2989710782348633E-004
   4.4500000000000002       -5.0000000000000003E-002   4.6902142897091072E-003  -2.1451589125038900E-004
   4.5499999999999998       -5.0000000000000003E-002   5.2966821439420497E-003  -3.9195175633226247E-004
   4.6500000000000004       -5.0000000000000003E-002   6.3661747095708557E-003  -6.7754065106715334E-004
   4.7500000000000000       -5.0000000000000003E-002   8.0302047860990704E-003  -9.8648933380107088E-004
   4.8500000000000005       -5.0000000000000003E-002   4.5083470777189036E-003   0.0000000000000000     
  -5.0000000000000003E-002   5.0000000000000003E-002   1.7227160778361016E-002   0.0000000000000000     
   5.0000000000000003E-002   5.0000000000000003E-002   3.3426314616558130E-002   3.9610710428627958E-003
  0.15000000000000002        5.0000000000000003E-002   3.0912770417082170E-002   3.5769705349929628E-003
  0.25000000000000000        5.0000000000000003E-002   2.8058727268177083E-002   2.6148498184616008E-003
  0.35000000000000003        5.0000000000000003E-002   2.5604981039190292E-002   1.8357109169595614E-003
  0.45000000000000001        5.0000000000000003E-002   2.3706335130173412E-002   1.2893216650205241E-003
  0.55000000000000004        5.0000000000000003E-002   2.2296433662748819E-002   9.1204698303767472E-004
  0.65000000000000002        5.0000000000000003E-002   2.1266839361906254E-002   6.4784492136459179E-004
  0.75000000000000000        5.0000000000000003E-002   2.0521512437390674E-002   4.5995817370375782E-004
  0.85000000000000009        5.0000000000000003E-002   1.9985904334774526E-002   3.2507936296409133E-004
  0.95000000000000007        5.0000000000000003E-002   1.9604173089281526E-002   2.2794870910714085E-004
   1.0500000000000000        5.0000000000000003E-002   1.9334809300421817E-002   1.5812871897372116E-004
   1.1500000000000001        5.0000000000000003E-002   1.9146989521149804E-002   1.0821798865648175E-004
   1.2500000000000000        5.0000000000000003E-002   1.9017869130672247E-002   7.2840023959732582E-005
   1.3500000000000001        5.0000000000000003E-002   1.8930578475893425E-002   4.8036382787984875E-005
   1.4500000000000002        5.0000000000000003E-002   1.8872749986607040E-002   3.0876669835245038E-005
   1.5500000000000000        5.0000000000000003E-002   1.8835380865424470E-002   1.9192879905306422E-005
   1.6500000000000001        5.0000000000000003E-002   1.8812003266893987E-002   1.1387551066897629E-005
   1.7500000000000000        5.0000000000000003E-002   1.8798001577522906E-002   6.2936936395475626E-006
   1.8500000000000001        5.0000000000000003E-002   1.8790160067715486E-002   3.0650316212839480E-006
   1.9500000000000002        5.0000000000000003E-002   1.8786228920591834E-002   1.0979015124810163E-006
   2.0500000000000003        5.0000000000000003E-002   1.8784722387667072E-002  -3.7376625777389681E-008
   2.1499999999999999        5.0000000000000003E-002   1.8784603015573519E-002  -6.3570402624233581E-007
   2.2500000000000000        5.0000000000000003E-002   1.8785272243849058E-002  -9.0629231376806446E-007
   2.3500000000000001        5.0000000000000003E-002   1.8786269310144984E-002  -9.8172636874062634E-007
   2.4500000000000002        5.0000000000000003E-002   1.8787447863618422E-002  -9.6500913388412713E-007
   2.5500000000000003        5.0000000000000003E-002   1.8788588389983318E-002  -9.0807516209801711E-007
   2.6500000000000004        5.0000000000000003E-002   1.8789807182961658E-002  -8.7679067031297640E-007
   2.7500000000000000        5.0000000000000003E-002   1.8790962286758594E-002  -8.8837346118263271E-007
   2.8500000000000001        5.0000000000000003E-002   1.8792405850985995E-002  -1.0235069731047342E-006
   2.9500000000000002        5.0000000000000003E-002   1.8794022277676375E-002  -1.2979582038418364E-006
   3.0500000000000003        5.0000000000000003E-002   1.8796522838605931E-002  -1.8704982743448648E-006
   3.1500000000000004        5.0000000000000003E-002   1.8799891164141814E-002  -2.8027216840363036E-006
   3.2500000000000000        5.0000000000000003E-002   1.8805543360551392E-002  -4.4487056830791542E-006
   3.3500000000000001        5.0000000000000003E-002   1.8813878991565881E-002  -7.0249700165375442E-006
   3.4500000000000002        5.0000000000000003E-002   1.8827804907728393E-002  -1.1335813596853880E-005
   3.5500000000000003        5.0000000000000003E-002   1.8849031206991541E-002  -1.8029548730191927E-005
   3.6500000000000004        5.0000000000000003E-002   1.8883692487116358E-002  -2.8935270006764166E-005
   3.7500000000000000        5.0000000000000003E-002   1.8937070905515101E-002  -4.5825001245566268E-005
   3.8500000000000001        5.0000000000000003E-002   1.9022336424775972E-002  -7.2856553617250047E-005
   3.9500000000000002        5.0000000000000003E-002   1.9153700541242415E-002  -1.1462518471294647E-004
   4.0499999999999998        5.0000000000000003E-002   1.9359545792031804E-002  -1.8062961132704708E-004
   4.1500000000000004        5.0000000000000003E-002   1.9674807315096868E-002  -2.8253746277363579E-004
   4.2500000000000000        5.0000000000000003E-002   2.0159053468041338E-002  -4.4251768327248294E-004
   4.3500000000000005        5.0000000000000003E-002   2.0887941987500061E-002  -6.9007394512691578E-004
   4.4500000000000002        5.0000000000000003E-002   2.1964300821364247E-002  -1.0751106377247664E-003
   4.5499999999999998        5.0000000000000003E-002   2.3474619714220771E-002  -1.6481433319302798E-003
   4.6500000000000004        5.0000000000000003E-002   2.5372895201257278E-002  -2.3891168247129170E-003
   4.7500000000000000        5.0000000000000003E-002   2.7195373203451306E-002  -2.7614210423583031E-003
   4.8500000000000005        5.0000000000000003E-002   1.3991907800044589E-002   0.0000000000000000     
  -5.0000000000000003E-002  0.15000000000000002        2.2860860205476740E-002   0.0000000000000000     
   5.0000000000000003E-002  0.15000000000000002        4.5455785196396176E-002   5.2550131986462498E-003
  0.15000000000000002       0.15000000000000002        4.4353109728919017E-002   5.8992480496573687E-003
  0.25000000000000000       0.15000000000000002        4.2445743750120911E-002   5.0539814368776191E-003
  0.35000000000000003       0.15000000000000002        4.0337053067200423E-002   3.9590162178505597E-003
  0.45000000000000001       0.15000000000000002        3.8410344453834018E-002   2.9913708950596008E-003
  0.55000000000000004       0.15000000000000002        3.6808454628831477E-002   2.2217890551668616E-003
  0.65000000000000002       0.15000000000000002        3.5543659477118891E-002   1.6324923114324366E-003
  0.75000000000000000       0.15000000000000002        3.4575871538144509E-002   1.1884256567251230E-003
  0.85000000000000009       0.15000000000000002        3.3851219603204905E-002   8.5687192525793628E-004
  0.95000000000000007       0.15000000000000002        3.3317851755130468E-002   6.1125524652962408E-004
   1.0500000000000000       0.15000000000000002        3.2931229420315462E-002   4.3080830741046240E-004
   1.1500000000000001       0.15000000000000002        3.2655107681846152E-002   2.9947991684405436E-004
   1.2500000000000000       0.15000000000000002        3.2460893469948633E-002   2.0491269082705148E-004
   1.3500000000000001       0.15000000000000002        3.2326518398917294E-002   1.3762942968995872E-004
   1.4500000000000002       0.15000000000000002        3.2235230356113219E-002   9.0400134907740349E-005
   1.5500000000000000       0.15000000000000002        3.2174518091775628E-002   5.7750774977484144E-005
   1.6500000000000001       0.15000000000000002        3.2135152998228660E-002   3.5572313818674285E-005
   1.7500000000000000       0.15000000000000002        3.2110449571884407E-002   2.0814008222174441E-005
   1.8500000000000001       0.15000000000000002        3.2095601646006340E-002   1.1234106594303267E-005
   1.9500000000000002       0.15000000000000002        3.2087253304489173E-002   5.2082685820990998E-006
   2.0500000000000003       0.15000000000000002        3.2083040682853413E-002   1.5713604500043387E-006
   2.1499999999999999       0.15000000000000002        3.2081413070573092E-002  -4.9750071540853273E-007
   2.2500000000000000       0.15000000000000002        3.2081272719901743E-002  -1.5734136645600762E-006
   2.3500000000000001       0.15000000000000002        3.2082011933735818E-002  -2.0509087484838063E-006
   2.4500000000000002       0.15000000000000002        3.2083142117680492E-002  -2.2045733258677710E-006
   2.5500000000000003       0.15000000000000002        3.2084559334673891E-002  -2.2262332015694061E-006
   2.6500000000000004       0.15000000000000002        3.2086044194583122E-002  -2.2622362679700243E-006
   2.7500000000000000       0.15000000000000002        3.2087830061203172E-002  -2.4438037254903339E-006
   2.8500000000000001       0.15000000000000002        3.2089826990739763E-002  -2.9084330935847802E-006
   2.9500000000000002       0.15000000000000002        3.2092649698250326E-002  -3.8519694914864283E-006
   3.0500000000000003       0.15000000000000002        3.2096367318454465E-002  -5.5344154927250625E-006
   3.1500000000000004       0.15000000000000002        3.2102265041595218E-002  -8.4045311954320719E-006
   3.2500000000000000       0.15000000000000002        3.2110848871529464E-002  -1.3082536719664709E-005
   3.3500000000000001       0.15000000000000002        3.2124781134503663E-002  -2.0658575664313281E-005
   3.4500000000000002       0.15000000000000002        3.2145789437472538E-002  -3.2635906138280467E-005
   3.5500000000000003       0.15000000000000002        3.2179441398166163E-002  -5.1607132123461432E-005
   3.6500000000000004       0.15000000000000002        3.2230553032725331E-002  -8.1129964360009046E-005
   3.7500000000000000       0.15000000000000002        3.2310720551285005E-002  -1.2717556424866400E-004
   3.8500000000000001       0.15000000000000002        3.2431829951450657E-002  -1.9788019926018097E-004
   3.9500000000000002       0.15000000000000002        3.2617323830465145E-002  -3.0645881260348945E-004
   4.0499999999999998       0.15000000000000002        3.2893287993420436E-002  -4.7060467498492376E-004
   4.1500000000000004       0.15000000000000002        3.3303149345941190E-002  -7.1768458046005026E-004
   4.2500000000000000       0.15000000000000002        3.3893602238937358E-002  -1.0820689530074137E-003
   4.3500000000000005       0.15000000000000002        3.4723930430261278E-002  -1.6097387967094370E-003
   4.4500000000000002       0.15000000000000002        3.5829188964505369E-002  -2.3370626356811895E-003
   4.5499999999999998       0.15000000000000002        3.7180552533554109E-002  -3.2478733826270833E-003
   4.6500000000000004       0.15000000000000002        3.8580002665794651E-002  -4.0871120789830141E-003
   4.7500000000000000       0.15000000000000002        3.9595240902405716E-002  -3.9011418428155898E-003
   4.8500000000000005       0.15000000000000002        1.9973259687893073E-002   0.0000000000000000     
  -5.0000000000000003E-002  0.25000000000000000        2.6170116274578707E-002   0.0000000000000000     
   5.0000000000000003E-002  0.25000000000000000        5.2501655997116398E-002   5.3595249664614179E-003
  0.15000000000000002       0.25000000000000000        5.2472850301570367E-002   6.9262174481959501E-003
  0.25000000000000000       0.25000000000000000        5.1782048458264375E-002   6.6251798659976539E-003
  0.35000000000000003       0.25000000000000000        5.0642013467597551E-002   5.6365434695094634E-003
  0.45000000000000001       0.25000000000000000        4.9358867769654147E-002   4.5236979634909712E-003
  0.55000000000000004       0.25000000000000000        4.8139739077540440E-002   3.5104805133004680E-003
  0.65000000000000002       0.25000000000000000        4.7084243976840606E-002   2.6640911156816144E-003
  0.75000000000000000       0.25000000000000000        4.6221270177327370E-002   1.9875886001359706E-003
  0.85000000000000009       0.25000000000000000        4.5542449776492779E-002   1.4611813258494448E-003
  0.95000000000000007       0.25000000000000000        4.5023450486970124E-002   1.0593129890596091E-003
   1.0500000000000000       0.25000000000000000        4.4635556835908120E-002   7.5726655360412070E-004
   1.1500000000000001       0.25000000000000000        4.4351274569881145E-002   5.3342567312924768E-004
   1.2500000000000000       0.25000000000000000        4.4146664180975660E-002   3.6979152893983270E-004
   1.3500000000000001       0.25000000000000000        4.4001979525845059E-002   2.5181030442866922E-004
   1.4500000000000002       0.25000000000000000        4.3901522050644660E-002   1.6796475928712248E-004
   1.5500000000000000       0.25000000000000000        4.3833129415347526E-002   1.0929102311402253E-004
   1.6500000000000001       0.25000000000000000        4.3787598933240683E-002   6.8927608681082234E-005
   1.7500000000000000       0.25000000000000000        4.3758074371491915E-002   4.1686660747088195E-005
   1.8500000000000001       0.25000000000000000        4.3739567922250346E-002   2.3715785061384213E-005
   1.9500000000000002       0.25000000000000000        4.3728469586001385E-002   1.2173218279744310E-005
   2.0500000000000003       0.25000000000000000        4.3722269576238731E-002   5.0189941387109023E-006
   2.1499999999999999       0.25000000000000000        4.3719180125314720E-002   7.7188106468384993E-007
   2.2500000000000000       0.25000000000000000        4.3718059127855362E-002  -1.5814850053604294E-006
   2.3500000000000001       0.25000000000000000        4.3718068842076935E-002  -2.7917935689978930E-006
   2.4500000000000002       0.25000000000000000        4.3718803491001934E-002  -3.3285275778875037E-006
   2.5500000000000003       0.25000000000000000        4.3719886007849859E-002  -3.6019968569699946E-006
   2.6500000000000004       0.25000000000000000        4.3721343221833478E-002  -3.8284943206723150E-006
   2.7500000000000000       0.25000000000000000        4.3723017777865684E-002  -4.3378794777428246E-006
   2.8500000000000001       0.25000000000000000        4.3725300283201964E-002  -5.2936522290265850E-006
   2.9500000000000002       0.25000000000000000        4.3728192362110417E-002  -7.1813459138642643E-006
   3.0500000000000003       0.25000000000000000        4.3732600105574254E-002  -1.0330148218224223E-005
   3.1500000000000004       0.25000000000000000        4.3738819202699196E-002  -1.5725302537678153E-005
   3.2500000000000000       0.25000000000000000        4.3748729720532148E-002  -2.4255726593033462E-005
   3.3500000000000001       0.25000000000000000        4.3763384613269292E-002  -3.8072089264873505E-005
   3.4500000000000002       0.25000000000000000        4.3786629759827861E-002  -5.9475321911034147E-005
   3.5500000000000003       0.25000000000000000        4.3821365512541066E-002  -9.3154849574657555E-005
   3.6500000000000004       0.25000000000000000        4.3875320189724010E-002  -1.4464792436963083E-004
   3.7500000000000000       0.25000000000000000        4.3955402246125048E-002  -2.2390650168338207E-004
   3.8500000000000001       0.25000000000000000        4.4076407393308405E-002  -3.4326310309120469E-004
   3.9500000000000002       0.25000000000000000        4.4252507189003337E-002  -5.2266886143886209E-004
   4.0499999999999998       0.25000000000000000        4.4508866570138250E-002  -7.8671745474693253E-004
   4.1500000000000004       0.25000000000000000        4.4867808463218944E-002  -1.1703743495277820E-003
   4.2500000000000000       0.25000000000000000        4.5359289470497277E-002  -1.7113124341318487E-003
   4.3500000000000005       0.25000000000000000        4.5993902734450726E-002  -2.4454361764126549E-003
   4.4500000000000002       0.25000000000000000        4.6757294189409791E-002  -3.3700147362783883E-003
   4.5499999999999998       0.25000000000000000        4.7559765512269168E-002  -4.3687557534887265E-003
   4.6500000000000004       0.25000000000000000        4.8221281589974602E-002  -5.0271956139652926E-003
   4.7500000000000000       0.25000000000000000        4.8533057340509556E-002  -4.2880721019822217E-003
   4.8500000000000005       0.25000000000000000        2.4284354592949725E-002   0.0000000000000000     
  -5.0000000000000003E-002  0.35000000000000003        2.8289467008035248E-002   0.0000000000000000     
   5.0000000000000003E-002  0.35000000000000003        5.6935073249319873E-002   4.8419622863699833E-003
  0.15000000000000002       0.35000000000000003        5.7535994280787178E-002   6.8716647957999255E-003
  0.25000000000000000       0.35000000000000003        5.7793322002163555E-002   7.1132066457599312E-003
  0.35000000000000003       0.35000000000000003        5.7633817229199781E-002   6.4480564606963471E-003
  0.45000000000000001       0.35000000000000003        5.7191395507823713E-002   5.4377524002435741E-003
  0.55000000000000004       0.35000000000000003        5.6622880522575712E-002   4.3840697635303648E-003
  0.65000000000000002       0.35000000000000003        5.6042321461551269E-002   3.4265560369125848E-003
  0.75000000000000000       0.35000000000000003        5.5514434542184840E-002   2.6159844071984573E-003
  0.85000000000000009       0.35000000000000003        5.5067163800076424E-002   1.9588766696114791E-003
  0.95000000000000007       0.35000000000000003        5.4705906963201739E-002   1.4418737775573791E-003
   1.0500000000000000       0.35000000000000003        5.4424205949019380E-002   1.0443004326871244E-003
   1.1500000000000001       0.35000000000000003        5.4210547040880429E-002   7.4433296665926078E-004
   1.2500000000000000       0.35000000000000003        5.4052225832446989E-002   5.2181582560655330E-004
   1.3500000000000001       0.35000000000000003        5.3937326930171066E-002   3.5936955247851878E-004
   1.4500000000000002       0.35000000000000003        5.3855562810664906E-002   2.4262708601758195E-004
   1.5500000000000000       0.35000000000000003        5.3798512749797987E-002   1.6007136622937595E-004
   1.6500000000000001       0.35000000000000003        5.3759516270763238E-002   1.0267419262446239E-004
   1.7500000000000000       0.35000000000000003        5.3733470423549458E-002   6.3510446052067021E-005
   1.8500000000000001       0.35000000000000003        5.3716527805476345E-002   3.7341021038614875E-005
   1.9500000000000002       0.35000000000000003        5.3705882709691705E-002   2.0291365904558869E-005
   2.0500000000000003       0.35000000000000003        5.3699479419949007E-002   9.5040955442094959E-006
   2.1499999999999999       0.35000000000000003        5.3695906847384720E-002   2.9487567122790649E-006
   2.2500000000000000       0.35000000000000003        5.3694131682780040E-002  -8.6223936024128075E-007
   2.3500000000000001       0.35000000000000003        5.3693535344170117E-002  -2.9244415947657201E-006
   2.4500000000000002       0.35000000000000003        5.3693620354657481E-002  -4.0155488817012447E-006
   2.5500000000000003       0.35000000000000003        5.3694222899373555E-002  -4.6000199580279053E-006
   2.6500000000000004       0.35000000000000003        5.3695108146452307E-002  -5.1728844020520908E-006
   2.7500000000000000       0.35000000000000003        5.3696428890103717E-002  -5.9886993204439842E-006
   2.8500000000000001       0.35000000000000003        5.3698090667835957E-002  -7.5869802414545011E-006
   2.9500000000000002       0.35000000000000003        5.3700591375860841E-002  -1.0280613618801748E-005
   3.0500000000000003       0.35000000000000003        5.3703984121068249E-002  -1.5031119689043657E-005
   3.1500000000000004       0.35000000000000003        5.3709328180641655E-002  -2.2587172033934874E-005
   3.2500000000000000       0.35000000000000003        5.3716997035037545E-002  -3.4972847747180319E-005
   3.3500000000000001       0.35000000000000003        5.3729102821779333E-002  -5.4115196888157368E-005
   3.4500000000000002       0.35000000000000003        5.3746778367031373E-002  -8.4352390487868516E-005
   3.5500000000000003       0.35000000000000003        5.3774090801729180E-002  -1.3032539101855937E-004
   3.6500000000000004       0.35000000000000003        5.3813741744665709E-002  -2.0108237245984145E-004
   3.7500000000000000       0.35000000000000003        5.3873067277718380E-002  -3.0687896966154053E-004
   3.8500000000000001       0.35000000000000003        5.3957244941303294E-002  -4.6547274223681019E-004
   3.9500000000000002       0.35000000000000003        5.4077653333005141E-002  -6.9696669305549074E-004
   4.0499999999999998       0.35000000000000003        5.4240809235374152E-002  -1.0319341919800961E-003
   4.1500000000000004       0.35000000000000003        5.4457790623923523E-002  -1.5010802036161039E-003
   4.2500000000000000       0.35000000000000003        5.4725277149004992E-002  -2.1395734613402278E-003
   4.3500000000000005       0.35000000000000003        5.5031614173252093E-002  -2.9581248500945732E-003
   4.4500000000000002       0.35000000000000003        5.5327893782221943E-002  -3.9169966147715053E-003
   4.5499999999999998       0.35000000000000003        5.5535088167380016E-002  -4.8314391698797542E-003
   4.6500000000000004       0.35000000000000003        5.5549412371085898E-002  -5.2403521703015942E-003
   4.7500000000000000       0.35000000000000003        5.5342559590750337E-002  -4.1798383297773677E-003
   4.8500000000000005       0.35000000000000003        2.7599337019374112E-002   0.0000000000000000     
  -5.0000000000000003E-002  0.45000000000000001        2.9710012054000770E-002   0.0000000000000000     
   5.0000000000000003E-002  0.45000000000000001        5.9852776449744544E-002   4.0530707125283252E-003
  0.15000000000000002       0.45000000000000001        6.0784108687619035E-002   6.1283031036959935E-003
  0.25000000000000000       0.45000000000000001        6.1668738894315213E-002   6.7146104152646744E-003
  0.35000000000000003       0.45000000000000001        6.2287762538294184E-002   6.3871338274448285E-003
  0.45000000000000001       0.45000000000000001        6.2625448060227726E-002   5.6034112416029338E-003
  0.55000000000000004       0.45000000000000001        6.2748801569008444E-002   4.6635724081847754E-003
  0.65000000000000002       0.45000000000000001        6.2737607736443782E-002   3.7388062956424852E-003
  0.75000000000000000       0.45000000000000001        6.2656160142836037E-002   2.9130686707419750E-003
  0.85000000000000009       0.45000000000000001        6.2547587947296646E-002   2.2176353516728019E-003
  0.95000000000000007       0.45000000000000001        6.2437168940836597E-002   1.6547909445163195E-003
   1.0500000000000000       0.45000000000000001        6.2337702452686002E-002   1.2125507704915134E-003
   1.1500000000000001       0.45000000000000001        6.2254226927807042E-002   8.7321706005056123E-004
   1.2500000000000000       0.45000000000000001        6.2187422558355243E-002   6.1805730306838764E-004
   1.3500000000000001       0.45000000000000001        6.2135798866232522E-002   4.2965065632425775E-004
   1.4500000000000002       0.45000000000000001        6.2097004364595317E-002   2.9290458350627333E-004
   1.5500000000000000       0.45000000000000001        6.2068531186295670E-002   1.9531708100633115E-004
   1.6500000000000001       0.45000000000000001        6.2048080932764066E-002   1.2687517643642510E-004
   1.7500000000000000       0.45000000000000001        6.2033688642798006E-002   7.9747558881656917E-005
   1.8500000000000001       0.45000000000000001        6.2023778278152267E-002   4.7956844955422233E-005
   1.9500000000000002       0.45000000000000001        6.2017100577381211E-002   2.6998288978545247E-005
   2.0500000000000003       0.45000000000000001        6.2012732585422441E-002   1.3568403659305820E-005
   2.1499999999999999       0.45000000000000001        6.2009956554161347E-002   5.2330044740590573E-006
   2.2500000000000000       0.45000000000000001        6.2008298958843383E-002   2.8623182144948659E-007
   2.3500000000000001       0.45000000000000001        6.2007365726090703E-002  -2.5433701416371937E-006
   2.4500000000000002       0.45000000000000001        6.2006970063018779E-002  -4.0859781399970754E-006
   2.5500000000000003       0.45000000000000001        6.2006889091654901E-002  -5.0511493456561960E-006
   2.6500000000000004       0.45000000000000001        6.2007134463000303E-002  -5.8523264063175596E-006
   2.7500000000000000       0.45000000000000001        6.2007559775900181E-002  -7.0552270723565642E-006
   2.8500000000000001       0.45000000000000001        6.2008360662317651E-002  -8.9829827650148005E-006
   2.9500000000000002       0.45000000000000001        6.2009418830999419E-002  -1.2443300033156124E-005
   3.0500000000000003       0.45000000000000001        6.2011175058393347E-002  -1.8017158316704920E-005
   3.1500000000000004       0.45000000000000001        6.2013530506017045E-002  -2.7300328713811172E-005
   3.2500000000000000       0.45000000000000001        6.2017318506379829E-002  -4.1716166854074081E-005
   3.3500000000000001       0.45000000000000001        6.2022482723249110E-002  -6.4641434771445130E-005
   3.4500000000000002       0.45000000000000001        6.2030476255835368E-002  -9.9494718127105978E-005
   3.5500000000000003       0.45000000000000001        6.2041275549444441E-002  -1.5329421839391607E-004
   3.6500000000000004       0.45000000000000001        6.2057119099913273E-002  -2.3360741182934893E-004
   3.7500000000000000       0.45000000000000001        6.2077644517568177E-002  -3.5420421145522296E-004
   3.8500000000000001       0.45000000000000001        6.2105317098949328E-002  -5.2999704617357206E-004
   3.9500000000000002       0.45000000000000001        6.2137499774284830E-002  -7.8503274280350367E-004
   4.0499999999999998       0.45000000000000001        6.2173473200567611E-002  -1.1429967608893527E-003
   4.1500000000000004       0.45000000000000001        6.2201647825260810E-002  -1.6351729600697629E-003
   4.2500000000000000       0.45000000000000001        6.2207523410035409E-002  -2.2788421682860267E-003
   4.3500000000000005       0.45000000000000001        6.2155861801547356E-002  -3.0735309729277428E-003
   4.4500000000000002       0.45000000000000001        6.2003459957325265E-002  -3.9454677491429814E-003
   4.5499999999999998       0.45000000000000001        6.1693652552454292E-002  -4.7003546027342023E-003
   4.6500000000000004       0.45000000000000001        6.1206975779193602E-002  -4.8990838626846514E-003
   4.7500000000000000       0.45000000000000001        6.0644151211319774E-002  -3.7514291018863350E-003
   4.8500000000000005       0.45000000000000001        3.0179813799285519E-002   0.0000000000000000     
  -5.0000000000000003E-002  0.55000000000000004        3.0675419830362996E-002   0.0000000000000000     
   5.0000000000000003E-002  0.55000000000000004        6.1806336606503295E-002   3.1648214261925335E-003
  0.15000000000000002       0.55000000000000004        6.2896479280970474E-002   4.9950774810486997E-003
  0.25000000000000000       0.55000000000000004        6.4161459200639967E-002   5.6982259170564216E-003
  0.35000000000000003       0.55000000000000004        6.5328960415224915E-002   5.6169934743074586E-003
  0.45000000000000001       0.55000000000000004        6.6285381847086502E-002   5.0794446496557908E-003
  0.55000000000000004       0.55000000000000004        6.7014242192041773E-002   4.3353251558681440E-003
  0.65000000000000002       0.55000000000000004        6.7544261953169760E-002   3.5482276292496456E-003
  0.75000000000000000       0.55000000000000004        6.7917664383544019E-002   2.8116925095530371E-003
  0.85000000000000009       0.55000000000000004        6.8174862847019888E-002   2.1703852529578590E-003
  0.95000000000000007       0.55000000000000004        6.8348959767069686E-002   1.6383631351501392E-003
   1.0500000000000000       0.55000000000000004        6.8465023304546749E-002   1.2123815330556168E-003
   1.1500000000000001       0.55000000000000004        6.8541218845312238E-002   8.8066627950841500E-004
   1.2500000000000000       0.55000000000000004        6.8590369208494109E-002   6.2826208295850496E-004
   1.3500000000000001       0.55000000000000004        6.8621384535454730E-002   4.4005422810408618E-004
   1.4500000000000002       0.55000000000000004        6.8640386175227469E-002   3.0229385389929006E-004
   1.5500000000000000       0.55000000000000004        6.8651548873959259E-002   2.0323826269758486E-004
   1.6500000000000001       0.55000000000000004        6.8657688428430605E-002   1.3326465993340284E-004
   1.7500000000000000       0.55000000000000004        6.8660695291310136E-002   8.4743461108759884E-005
   1.8500000000000001       0.55000000000000004        6.8661808822123652E-002   5.1757730648038897E-005
   1.9500000000000002       0.55000000000000004        6.8661846883121214E-002   2.9836992361058169E-005
   2.0500000000000003       0.55000000000000004        6.8661311589282598E-002   1.5632935524280926E-005
   2.1499999999999999       0.55000000000000004        6.8660535363238587E-002   6.7206804521546442E-006
   2.2500000000000000       0.55000000000000004        6.8659682251970180E-002   1.3092212424849724E-006
   2.3500000000000001       0.55000000000000004        6.8658882327868404E-002  -1.8332333950643804E-006
   2.4500000000000002       0.55000000000000004        6.8658142580304421E-002  -3.6607151131833289E-006
   2.5500000000000003       0.55000000000000004        6.8657526320281367E-002  -4.7791687324817140E-006
   2.6500000000000004       0.55000000000000004        6.8656951307033601E-002  -5.7946189328689754E-006
   2.7500000000000000       0.55000000000000004        6.8656477550456577E-002  -7.0644070382993626E-006
   2.8500000000000001       0.55000000000000004        6.8655932478390233E-002  -9.2294846154378289E-006
   2.9500000000000002       0.55000000000000004        6.8655394853548171E-002  -1.2717157701196689E-005
   3.0500000000000003       0.55000000000000004        6.8654535379771897E-002  -1.8639808643371372E-005
   3.1500000000000004       0.55000000000000004        6.8653425827339035E-002  -2.7923265530254123E-005
   3.2500000000000000       0.55000000000000004        6.8651405443752866E-002  -4.2860470448876747E-005
   3.3500000000000001       0.55000000000000004        6.8648400635465456E-002  -6.5656097218165236E-005
   3.4500000000000002       0.55000000000000004        6.8643005251520339E-002  -1.0107769530025619E-004
   3.5500000000000003       0.55000000000000004        6.8634555026948374E-002  -1.5405974106322474E-004
   3.6500000000000004       0.55000000000000004        6.8619920333905779E-002  -2.3405012385017555E-004
   3.7500000000000000       0.55000000000000004        6.8596609175350098E-002  -3.5097509282958338E-004
   3.8500000000000001       0.55000000000000004        6.8557508389119365E-002  -5.2179726512219889E-004
   3.9500000000000002       0.55000000000000004        6.8495270742220532E-002  -7.6317684222014569E-004
   4.0499999999999998       0.55000000000000004        6.8394084275188158E-002  -1.0996389153873445E-003
   4.1500000000000004       0.55000000000000004        6.8235861989333679E-002  -1.5484824589588947E-003
   4.2500000000000000       0.55000000000000004        6.7989298854380167E-002  -2.1248444773669948E-003
   4.3500000000000005       0.55000000000000004        6.7621142640609921E-002  -2.8077102569377286E-003
   4.4500000000000002       0.55000000000000004        6.7090447088396912E-002  -3.5281905653648440E-003
   4.5499999999999998       0.55000000000000004        6.6380221966127029E-002  -4.0975988463818310E-003
   4.6500000000000004       0.55000000000000004        6.5528568805280629E-002  -4.1635093831980854E-003
   4.7500000000000000       0.55000000000000004        6.4710288523852688E-002  -3.1058985435416155E-003
   4.8500000000000005       0.55000000000000004        3.2174640819472265E-002   0.0000000000000000     
  -5.0000000000000003E-002  0.65000000000000002        3.1318031377517423E-002   0.0000000000000000     
   5.0000000000000003E-002  0.65000000000000002        6.3092499365533530E-002   2.2528878710011300E-003
  0.15000000000000002       0.65000000000000002        6.4251322357998672E-002   3.6580453727696450E-003
  0.25000000000000000       0.65000000000000002        6.5731981893523639E-002   4.2896185755333096E-003
  0.35000000000000003       0.65000000000000002        6.7254078737326667E-002   4.3360027647878548E-003
  0.45000000000000001       0.65000000000000002        6.8650066067929560E-002   4.0080266052611524E-003
  0.55000000000000004       0.65000000000000002        6.9842657936447644E-002   3.4852909964338107E-003
  0.65000000000000002       0.65000000000000002        7.0813502912558612E-002   2.8973970610651966E-003
  0.75000000000000000       0.65000000000000002        7.1576711698123727E-002   2.3259118712243452E-003
  0.85000000000000009       0.65000000000000002        7.2160840248273891E-002   1.8148388853465919E-003
  0.95000000000000007       0.65000000000000002        7.2598270798689496E-002   1.3823820381428211E-003
   1.0500000000000000       0.65000000000000002        7.2919724972938235E-002   1.0308449203514241E-003
   1.1500000000000001       0.65000000000000002        7.3151891103474753E-002   7.5384121928373515E-004
   1.2500000000000000       0.65000000000000002        7.3316767724444273E-002   5.4106015137278703E-004
   1.3500000000000001       0.65000000000000002        7.3431855694539430E-002   3.8115284976245138E-004
   1.4500000000000002       0.65000000000000002        7.3510721064751414E-002   2.6332820152478092E-004
   1.5500000000000000       0.65000000000000002        7.3563657653480691E-002   1.7810460092799928E-004
   1.6500000000000001       0.65000000000000002        7.3598341324855820E-002   1.1757506055643543E-004
   1.7500000000000000       0.65000000000000002        7.3620394399979319E-002   7.5373082111593890E-005
   1.8500000000000001       0.65000000000000002        7.3633879079570280E-002   4.6529851423156643E-005
   1.9500000000000002       0.65000000000000002        7.3641669518202321E-002   2.7236322427448610E-005
   2.0500000000000003       0.65000000000000002        7.3645782186193220E-002   1.4656178292258844E-005
   2.1499999999999999       0.65000000000000002        7.3647579837192043E-002   6.6759645670520680E-006
   2.2500000000000000       0.65000000000000002        7.3647993883400209E-002   1.7929579199560494E-006
   2.3500000000000001       0.65000000000000002        7.3647596490716921E-002  -1.1196826384656527E-006
   2.4500000000000002       0.65000000000000002        7.3646775630921382E-002  -2.8136730880565848E-006
   2.5500000000000003       0.65000000000000002        7.3645692454676046E-002  -3.9267610119573450E-006
   2.6500000000000004       0.65000000000000002        7.3644466830547414E-002  -4.8463473985470654E-006
   2.7500000000000000       0.65000000000000002        7.3643006743305192E-002  -6.0787500117823766E-006
   2.8500000000000001       0.65000000000000002        7.3641264268646728E-002  -7.9274671550913765E-006
   2.9500000000000002       0.65000000000000002        7.3638883105555497E-002  -1.1100202553048853E-005
   3.0500000000000003       0.65000000000000002        7.3635595773342860E-002  -1.6109717204887294E-005
   3.1500000000000004       0.65000000000000002        7.3630577297083930E-002  -2.4325020696277223E-005
   3.2500000000000000       0.65000000000000002        7.3623073366835087E-002  -3.6934030055687833E-005
   3.3500000000000001       0.65000000000000002        7.3611260595058084E-002  -5.6764516542245596E-005
   3.4500000000000002       0.65000000000000002        7.3593219290074480E-002  -8.6532082569165919E-005
   3.5500000000000003       0.65000000000000002        7.3564972888874369E-002  -1.3190816161916144E-004
   3.6500000000000004       0.65000000000000002        7.3521949446750251E-002  -1.9854294908592442E-004
   3.7500000000000000       0.65000000000000002        7.3455723662733882E-002  -2.9694466344697753E-004
   3.8500000000000001       0.65000000000000002        7.3356197806700135E-002  -4.3720035984954150E-004
   3.9500000000000002       0.65000000000000002        7.3206562267531139E-002  -6.3589985675966711E-004
   4.0499999999999998       0.65000000000000002        7.2986854097228826E-002  -9.0602055901348785E-004
   4.1500000000000004       0.65000000000000002        7.2667486431656367E-002  -1.2645101849147176E-003
   4.2500000000000000       0.65000000000000002        7.2216721395410938E-002  -1.7114879373778791E-003
   4.3500000000000005       0.65000000000000002        7.1596987521755473E-002  -2.2331761319874053E-003
   4.4500000000000002       0.65000000000000002        7.0784854451421672E-002  -2.7598955615819893E-003
   4.5499999999999998       0.65000000000000002        6.9785058448089007E-002  -3.1558723188866390E-003
   4.6500000000000004       0.65000000000000002        6.8681209017353584E-002  -3.1497330127963040E-003
   4.7500000000000000       0.65000000000000002        6.7695116462901786E-002  -2.3153018964624534E-003
   4.8500000000000005       0.65000000000000002        3.3632763383703919E-002   0.0000000000000000     
  -5.0000000000000003E-002  0.75000000000000000        3.1712778290777337E-002   0.0000000000000000     
   5.0000000000000003E-002  0.75000000000000000        6.3876724033739715E-002   1.3452838095566050E-003
  0.15000000000000002       0.75000000000000000        6.5061066229670492E-002   2.2224842491159525E-003
  0.25000000000000000       0.75000000000000000        6.6654170424562412E-002   2.6514159743397533E-003
  0.35000000000000003       0.75000000000000000        6.8382972025477037E-002   2.7233069284009993E-003
  0.45000000000000001       0.75000000000000000        7.0054297767351531E-002   2.5534093779546597E-003
  0.55000000000000004       0.75000000000000000        7.1553745699880447E-002   2.2478684320454472E-003
  0.65000000000000002       0.75000000000000000        7.2829427410451578E-002   1.8882929487202670E-003
  0.75000000000000000       0.75000000000000000        7.3872062388276899E-002   1.5291722291784252E-003
  0.85000000000000009       0.75000000000000000        7.4697567509799279E-002   1.2019448638749494E-003
  0.95000000000000007       0.75000000000000000        7.5334212384309207E-002   9.2120063991149961E-004
   1.0500000000000000       0.75000000000000000        7.5814218404754913E-002   6.9056612656491544E-004
   1.1500000000000001       0.75000000000000000        7.6168848497408986E-002   5.0732378735258348E-004
   1.2500000000000000       0.75000000000000000        7.6425918260675574E-002   3.6563119232416527E-004
   1.3500000000000001       0.75000000000000000        7.6608843410437041E-002   2.5856867481344745E-004
   1.4500000000000002       0.75000000000000000        7.6736573293232441E-002   1.7931710396468234E-004
   1.5500000000000000       0.75000000000000000        7.6823988984139752E-002   1.2176339042516173E-004
   1.6500000000000001       0.75000000000000000        7.6882489565009843E-002   8.0731985112487755E-005
   1.7500000000000000       0.75000000000000000        7.6920627718699952E-002   5.2024886045805033E-005
   1.8500000000000001       0.75000000000000000        7.6944692777187559E-002   3.2328263594583551E-005
   1.9500000000000002       0.75000000000000000        7.6959233386467846E-002   1.9106809810988574E-005
   2.0500000000000003       0.75000000000000000        7.6967468874966360E-002   1.0437483808224184E-005
   2.1499999999999999       0.75000000000000000        7.6971647095309501E-002   4.9187357975440308E-006
   2.2500000000000000       0.75000000000000000        7.6973282772024393E-002   1.5004222416735750E-006
   2.3500000000000001       0.75000000000000000        7.6973390372765862E-002  -5.3738887587060822E-007
   2.4500000000000002       0.75000000000000000        7.6972583703939432E-002  -1.7684498572527957E-006
   2.5500000000000003       0.75000000000000000        7.6971239593913318E-002  -2.5446896886314404E-006
   2.6500000000000004       0.75000000000000000        7.6969481028273362E-002  -3.2441841422415413E-006
   2.7500000000000000       0.75000000000000000        7.6967321833555702E-002  -4.0615522759647248E-006
   2.8500000000000001       0.75000000000000000        7.6964525871554362E-002  -5.4060978646297399E-006
   2.9500000000000002       0.75000000000000000        7.6960774612014546E-002  -7.4889704702228023E-006
   3.0500000000000003       0.75000000000000000        7.6955352532103366E-002  -1.1011294674786840E-005
   3.1500000000000004       0.75000000000000000        7.6947372217671908E-002  -1.6424350704847542E-005
   3.2500000000000000       0.75000000000000000        7.6935175529166205E-002  -2.5133709144824264E-005
   3.3500000000000001       0.75000000000000000        7.6916643416866645E-002  -3.8219517438314772E-005
   3.4500000000000002       0.75000000000000000        7.6888117411783113E-002  -5.8509267914656618E-005
   3.5500000000000003       0.75000000000000000        7.6844819877281839E-002  -8.8386478006684911E-005
   3.6500000000000004       0.75000000000000000        7.6779008607329502E-002  -1.3322930423413252E-004
   3.7500000000000000       0.75000000000000000        7.6680590386787803E-002  -1.9761364424858774E-004
   3.8500000000000001       0.75000000000000000        7.6534242978744227E-002  -2.9065742727352780E-004
   3.9500000000000002       0.75000000000000000        7.6320641189056473E-002  -4.1920475571407688E-004
   4.0499999999999998       0.75000000000000000        7.6012851673620721E-002  -5.9521727652055308E-004
   4.1500000000000004       0.75000000000000000        7.5579881820592221E-002  -8.2297526728101350E-004
   4.2500000000000000       0.75000000000000000        7.4984916361375428E-002  -1.1072917251476492E-003
   4.3500000000000005       0.75000000000000000        7.4196541563354271E-002  -1.4292630900386975E-003
   4.4500000000000002       0.75000000000000000        7.3197089203567808E-002  -1.7522226768870077E-003
   4.5499999999999998       0.75000000000000000        7.2013303978963009E-002  -1.9799635627683809E-003
   4.6500000000000004       0.75000000000000000        7.0750942663994842E-002  -1.9594307271016422E-003
   4.7500000000000000       0.75000000000000000        6.9656354436634288E-002  -1.4249232098227508E-003
   4.8500000000000005       0.75000000000000000        3.4597782751104381E-002   0.0000000000000000     
  -5.0000000000000003E-002  0.85000000000000009        3.1900921570848235E-002   0.0000000000000000     
   5.0000000000000003E-002  0.85000000000000009        6.4248901321219132E-002   4.4705817889264014E-004
  0.15000000000000002       0.85000000000000009        6.5440614255159874E-002   7.4465475341083608E-004
  0.25000000000000000       0.85000000000000009        6.7081012273510987E-002   8.9574326214408710E-004
  0.35000000000000003       0.85000000000000009        6.8903972929897056E-002   9.2721739068879082E-004
  0.45000000000000001       0.85000000000000009        7.0706668218580279E-002   8.7547789358839582E-004
  0.55000000000000004       0.85000000000000009        7.2357583164494962E-002   7.7543704767308610E-004
  0.65000000000000002       0.85000000000000009        7.3787823006844611E-002   6.5480278968399518E-004
  0.75000000000000000       0.85000000000000009        7.4975238113865986E-002   5.3261231287285080E-004
  0.85000000000000009       0.85000000000000009        7.5928044105441336E-002   4.2019367460162350E-004
  0.95000000000000007       0.85000000000000009        7.6671294424331307E-002   3.2305664173158742E-004
   1.0500000000000000       0.85000000000000009        7.7237174798909028E-002   2.4282373147875553E-004
   1.1500000000000001       0.85000000000000009        7.7658804708114454E-002   1.7880617907324408E-004
   1.2500000000000000       0.85000000000000009        7.7966747310627527E-002   1.2913642677764121E-004
   1.3500000000000001       0.85000000000000009        7.8187384659350517E-002   9.1500929139623125E-005
   1.4500000000000002       0.85000000000000009        7.8342462591833861E-002   6.3577013058414760E-005
   1.5500000000000000       0.85000000000000009        7.8449294973104336E-002   4.3255382605136536E-005
   1.6500000000000001       0.85000000000000009        7.8521292343970164E-002   2.8742005079128755E-005
   1.7500000000000000       0.85000000000000009        7.8568601671768851E-002   1.8567344322202746E-005
   1.8500000000000001       0.85000000000000009        7.8598745681421334E-002   1.1576688220041949E-005
   1.9500000000000002       0.85000000000000009        7.8617192875422001E-002   6.8705323972235542E-006
   2.0500000000000003       0.85000000000000009        7.8627847238043808E-002   3.7838555422869915E-006
   2.1499999999999999       0.85000000000000009        7.8633436200315543E-002   1.8051331530334046E-006
   2.2500000000000000       0.85000000000000009        7.8635827907413441E-002   5.8659477231620451E-007
   2.3500000000000001       0.85000000000000009        7.8636255600089605E-002  -1.5888456180966466E-007
   2.4500000000000002       0.85000000000000009        7.8635506003572067E-002  -5.9070599438597031E-007
   2.5500000000000003       0.85000000000000009        7.8634021496861675E-002  -8.9380409901236919E-007
   2.6500000000000004       0.85000000000000009        7.8632006373183530E-002  -1.1213417215590583E-006
   2.7500000000000000       0.85000000000000009        7.8629433163368428E-002  -1.4519066932147341E-006
   2.8500000000000001       0.85000000000000009        7.8626097413674809E-002  -1.8839077687568867E-006
   2.9500000000000002       0.85000000000000009        7.8621525644811022E-002  -2.6879494006727383E-006
   3.0500000000000003       0.85000000000000009        7.8614986730664166E-002  -3.8510853915963183E-006
   3.1500000000000004       0.85000000000000009        7.8605259292512691E-002  -5.8765024883314543E-006
   3.2500000000000000       0.85000000000000009        7.8590578882828624E-002  -8.8040924638073160E-006
   3.3500000000000001       0.85000000000000009        7.8568168652808024E-002  -1.3606354265354689E-005
   3.4500000000000002       0.85000000000000009        7.8534067637904950E-002  -2.0494911465536737E-005
   3.5500000000000003       0.85000000000000009        7.8482268953276896E-002  -3.1304053179853849E-005
   3.6500000000000004       0.85000000000000009        7.8404367157791130E-002  -4.6598049288031871E-005
   3.7500000000000000       0.85000000000000009        7.8288155286426755E-002  -6.9614150636747652E-005
   3.8500000000000001       0.85000000000000009        7.8117193970012988E-002  -1.0134750826489484E-004
   3.9500000000000002       0.85000000000000009        7.7869064298697860E-002  -1.4678251442000134E-004
   4.0499999999999998       0.85000000000000009        7.7515748564583084E-002  -2.0653356715739097E-004
   4.1500000000000004       0.85000000000000009        7.7023137725954302E-002  -2.8607761148514922E-004
   4.2500000000000000       0.85000000000000009        7.6355487437537603E-002  -3.8157299271142283E-004
   4.3500000000000005       0.85000000000000009        7.5481397860518301E-002  -4.9251687514920443E-004
   4.4500000000000002       0.85000000000000009        7.4390381533105149E-002  -5.9849969922680856E-004
   4.5499999999999998       0.85000000000000009        7.3116181329345067E-002  -6.7570071094946423E-004
   4.6500000000000004       0.85000000000000009        7.1777665068885582E-002  -6.6281569649232527E-004
   4.7500000000000000       0.85000000000000009        7.0632782350965234E-002  -4.8206711706908124E-004
   4.8500000000000005       0.85000000000000009        3.5075357630749752E-002   0.0000000000000000     
