   0.0000000000000000        0.0000000000000000        7.0263326656178826E-003   0.0000000000000000     
  0.10000000000000001        0.0000000000000000        6.5143836861687428E-003   3.3579834499474306E-004
  0.20000000000000001        0.0000000000000000        5.9803022548746932E-003   1.2925198044354470E-004
  0.30000000000000004        0.0000000000000000        5.6772617261781570E-003   1.0476186562734035E-004
  0.40000000000000002        0.0000000000000000        5.4189540582830964E-003   8.4525232653416275E-005
  0.50000000000000000        0.0000000000000000        5.1892108107582423E-003   7.6205169958554059E-005
  0.60000000000000009        0.0000000000000000        4.9725975832456302E-003   7.1404450632676014E-005
  0.70000000000000007        0.0000000000000000        4.7635584568218427E-003   6.8641702902027757E-005
  0.80000000000000004        0.0000000000000000        4.5590312495744200E-003   6.6904427167512132E-005
  0.90000000000000002        0.0000000000000000        4.3574006094580847E-003   6.5758143674126215E-005
   1.0000000000000000        0.0000000000000000        4.1577233679802525E-003   6.4964986219222780E-005
   1.1000000000000001        0.0000000000000000        3.9594236144344435E-003   6.4395390288993814E-005
   1.2000000000000002        0.0000000000000000        3.7621302725266083E-003   6.3973905069805918E-005
   1.3000000000000000        0.0000000000000000        3.5655931090188111E-003   6.3654952069758599E-005
   1.4000000000000001        0.0000000000000000        3.3696360008523565E-003   6.3409810735757908E-005
   1.5000000000000000        0.0000000000000000        3.1741301983459693E-003   6.3219639505828683E-005
   1.6000000000000001        0.0000000000000000        2.9789784994523265E-003   6.3071546426116492E-005
   1.7000000000000002        0.0000000000000000        2.7841056113374180E-003   6.2956333880790391E-005
   1.8000000000000000        0.0000000000000000        2.5894520848148239E-003   6.2867183577653411E-005
   1.9000000000000001        0.0000000000000000        2.3949703370019794E-003   6.2798885771854618E-005
   2.0000000000000000        0.0000000000000000        2.2006218986621784E-003   6.2747387612024767E-005
   2.1000000000000001        0.0000000000000000        2.0063753793843771E-003   6.2709529000906135E-005
   2.2000000000000002        0.0000000000000000        1.8122048536808521E-003   6.2682887620764223E-005
   2.3000000000000003        0.0000000000000000        1.6180884957017003E-003   6.2665686825632958E-005
   2.4000000000000004        0.0000000000000000        1.4240073626726856E-003   6.2656740268761401E-005
   2.5000000000000000        0.0000000000000000        1.2299442663157908E-003   6.2655420225565543E-005
   2.6000000000000001        0.0000000000000000        1.0358826889525696E-003   6.2661645197809935E-005
   2.7000000000000002        0.0000000000000000        8.4180570408387350E-004   6.2675888110534311E-005
   2.8000000000000003        0.0000000000000000        6.4769485461379974E-004   6.2699210414299229E-005
   2.9000000000000004        0.0000000000000000        4.5352892793452363E-004   6.2733330732780461E-005
   3.0000000000000000        0.0000000000000000        2.5928254594884072E-004   6.2780740562367443E-005
   3.1000000000000001        0.0000000000000000        6.4924457181915132E-005   6.2844885456575462E-005
   3.2000000000000002        0.0000000000000000       -1.2958462895504752E-004   6.2930440367014022E-005
   3.3000000000000003        0.0000000000000000       -3.2429490112258707E-004   6.3043725929013379E-005
   3.4000000000000004        0.0000000000000000       -5.1927135929980776E-004   6.3193344622531144E-005
   3.5000000000000000        0.0000000000000000       -7.1459935854787824E-004   6.3391173069931897E-005
   3.6000000000000001        0.0000000000000000       -9.1039273577687378E-004   6.3653950500578631E-005
   3.7000000000000002        0.0000000000000000       -1.1068061441333026E-003   6.4005895519175953E-005
   3.8000000000000003        0.0000000000000000       -1.3040544529072128E-003   6.4483152362490082E-005
   3.9000000000000004        0.0000000000000000       -1.5024443999746683E-003   6.5141594615657661E-005
   4.0000000000000000        0.0000000000000000       -1.7024283183961820E-003   6.6071093064421483E-005
   4.1000000000000005        0.0000000000000000       -1.9046990492303281E-003   6.7422431485611420E-005
   4.2000000000000002        0.0000000000000000       -2.1103674635538890E-003   6.9462997549121520E-005
   4.2999999999999998        0.0000000000000000       -2.3213022013124983E-003   7.2683306329814700E-005
   4.4000000000000004        0.0000000000000000       -2.5409017987397049E-003   7.8122863083764527E-005
   4.5000000000000000        0.0000000000000000       -2.7754285875282890E-003   8.7606070117757887E-005
   4.6000000000000005        0.0000000000000000       -3.0403113517493714E-003   1.0847507576832902E-004
   4.7000000000000002        0.0000000000000000       -3.3567843534494613E-003   1.3919329243818792E-004
   4.8000000000000007        0.0000000000000000       -3.8964226552311671E-003   3.3163817414614215E-004
   4.9000000000000004        0.0000000000000000       -4.3606228022101531E-003   6.3753797242443040E-005
   0.0000000000000000       0.10000000000000001        1.0916190219409306E-002   0.0000000000000000     
  0.10000000000000001       0.10000000000000001        1.1139311761437948E-002   3.9558260726866060E-004
  0.20000000000000001       0.10000000000000001        1.1381762322538194E-002   2.2303637686496255E-004
  0.30000000000000004       0.10000000000000001        1.1373578364859211E-002   1.8414859053627130E-004
  0.40000000000000002       0.10000000000000001        1.1342126793638994E-002   1.5685660782786297E-004
  0.50000000000000000       0.10000000000000001        1.1295231877096143E-002   1.4248626921065406E-004
  0.60000000000000009       0.10000000000000001        1.1245162557359793E-002   1.3379868495714891E-004
  0.70000000000000007       0.10000000000000001        1.1194177433152050E-002   1.2828577358488938E-004
  0.80000000000000004       0.10000000000000001        1.1143464446753857E-002   1.2453839591023479E-004
  0.90000000000000002       0.10000000000000001        1.1093446513660217E-002   1.2183660970793878E-004
   1.0000000000000000       0.10000000000000001        1.1044313008011427E-002   1.1978904423794575E-004
   1.1000000000000001       0.10000000000000001        1.0996127284727519E-002   1.1817805509755520E-004
   1.2000000000000002       0.10000000000000001        1.0948884933638724E-002   1.1687884020986253E-004
   1.3000000000000000       0.10000000000000001        1.0902538235876195E-002   1.1581726549045860E-004
   1.4000000000000001       0.10000000000000001        1.0857011179225400E-002   1.1494697141434381E-004
   1.5000000000000000       0.10000000000000001        1.0812210078541743E-002   1.1423667746892409E-004
   1.6000000000000001       0.10000000000000001        1.0768032143490260E-002   1.1366311644394753E-004
   1.7000000000000002       0.10000000000000001        1.0724372582085204E-002   1.1320719770518064E-004
   1.8000000000000000       0.10000000000000001        1.0681130340396512E-002   1.1285206975476385E-004
   1.9000000000000001       0.10000000000000001        1.0638212431627684E-002   1.1258229915016620E-004
   2.0000000000000000       0.10000000000000001        1.0595536834522617E-002   1.1238367965066436E-004
   2.1000000000000001       0.10000000000000001        1.0553034025885342E-002   1.1224335941728897E-004
   2.2000000000000002       0.10000000000000001        1.0510647304156876E-002   1.1215008633027262E-004
   2.3000000000000003       0.10000000000000001        1.0468332132820040E-002   1.1209445021437627E-004
   2.4000000000000004       0.10000000000000001        1.0426054772228056E-002   1.1206905847216813E-004
   2.5000000000000000       0.10000000000000001        1.0383790475165617E-002   1.1206862355220598E-004
   2.6000000000000001       0.10000000000000001        1.0341521501121805E-002   1.1208996923215346E-004
   2.7000000000000002       0.10000000000000001        1.0299235167075583E-002   1.1213197970443290E-004
   2.8000000000000003       0.10000000000000001        1.0256922110109916E-002   1.1219552320286843E-004
   2.9000000000000004       0.10000000000000001        1.0214574899986704E-002   1.1228338352481062E-004
   3.0000000000000000       0.10000000000000001        1.0172187115889009E-002   1.1240023232297075E-004
   3.1000000000000001       0.10000000000000001        1.0129752995175162E-002   1.1255267754101673E-004
   3.2000000000000002       0.10000000000000001        1.0087267773518493E-002   1.1274943532162865E-004
   3.3000000000000003       0.10000000000000001        1.0044728861825152E-002   1.1300170297797882E-004
   3.4000000000000004       0.10000000000000001        1.0002138039734125E-002   1.1332387249129628E-004
   3.5000000000000000       0.10000000000000001        9.9595048816705656E-003   1.1373483931890545E-004
   3.6000000000000001       0.10000000000000001        9.9168516671063155E-003   1.1426036866237668E-004
   3.7000000000000002       0.10000000000000001        9.8742200754550775E-003   1.1493735264400529E-004
   3.8000000000000003       0.10000000000000001        9.8316800897834244E-003   1.1582146786926320E-004
   3.9000000000000004       0.10000000000000001        9.7893419112393930E-003   1.1700100453064746E-004
   4.0000000000000000       0.10000000000000001        9.7473729474042339E-003   1.1862210392982634E-004
   4.1000000000000005       0.10000000000000001        9.7060252559622098E-003   1.2093543035193977E-004
   4.2000000000000002       0.10000000000000001        9.6656923361545140E-003   1.2438536227665285E-004
   4.2999999999999998       0.10000000000000001        9.6270328815017160E-003   1.2977826630973920E-004
   4.4000000000000004       0.10000000000000001        9.5914140851979454E-003   1.3865944087653449E-004
   4.5000000000000000       0.10000000000000001        9.5616130423892380E-003   1.5380161282925413E-004
   4.6000000000000005       0.10000000000000001        9.5486916361347558E-003   1.8248046695354612E-004
   4.7000000000000002       0.10000000000000001        9.5661778229829894E-003   2.2656544921679269E-004
   4.8000000000000007       0.10000000000000001        9.8171375944625366E-003   3.9533087737994138E-004
   4.9000000000000004       0.10000000000000001        1.0072261679039558E-002   7.1520805338288129E-005
   0.0000000000000000       0.20000000000000001        1.9929088157371270E-002   0.0000000000000000     
  0.10000000000000001       0.20000000000000001        1.9879417548094757E-002   1.1975615172443679E-004
  0.20000000000000001       0.20000000000000001        1.9838993776459715E-002   1.5877383189138894E-004
  0.30000000000000004       0.20000000000000001        1.9808654126788176E-002   1.4888137824663333E-004
  0.40000000000000002       0.20000000000000001        1.9754442149106297E-002   1.3974623039917638E-004
  0.50000000000000000       0.20000000000000001        1.9691699863640933E-002   1.3120815939279964E-004
  0.60000000000000009       0.20000000000000001        1.9624159799068067E-002   1.2467896576825560E-004
  0.70000000000000007       0.20000000000000001        1.9555039531675384E-002   1.1952493907216657E-004
  0.80000000000000004       0.20000000000000001        1.9485764346780721E-002   1.1532524777979547E-004
  0.90000000000000002       0.20000000000000001        1.9417124288885687E-002   1.1177161063616450E-004
   1.0000000000000000       0.20000000000000001        1.9349517392871086E-002   1.0868622209750674E-004
   1.1000000000000001       0.20000000000000001        1.9283132689705183E-002   1.0597254983759171E-004
   1.2000000000000002       0.20000000000000001        1.9218029145246882E-002   1.0358214807347015E-004
   1.3000000000000000       0.20000000000000001        1.9154181739153377E-002   1.0149144882978101E-004
   1.4000000000000001       0.20000000000000001        1.9091509615417179E-002   9.9687277752230581E-005
   1.5000000000000000       0.20000000000000001        1.9029896102515365E-002   9.8158280128820454E-005
   1.6000000000000001       0.20000000000000001        1.8969204140769653E-002   9.6890384531734297E-005
   1.7000000000000002       0.20000000000000001        1.8909288622440977E-002   9.5864993544054065E-005
   1.8000000000000000       0.20000000000000001        1.8850006148046064E-002   9.5058971619245262E-005
   1.9000000000000001       0.20000000000000001        1.8791222364106491E-002   9.4445732759297488E-005
   2.0000000000000000       0.20000000000000001        1.8732816987006622E-002   9.3996889975822041E-005
   2.1000000000000001       0.20000000000000001        1.8674686682215617E-002   9.3684056787537244E-005
   2.2000000000000002       0.20000000000000001        1.8616746067031759E-002   9.3480507268047140E-005
   2.3000000000000003       0.20000000000000001        1.8558927190849027E-002   9.3362509259875242E-005
   2.4000000000000004       0.20000000000000001        1.8501177897043579E-002   9.3310241461527354E-005
   2.5000000000000000       0.20000000000000001        1.8443459479354031E-002   9.3308283081826353E-005
   2.6000000000000001       0.20000000000000001        1.8385744018909907E-002   9.3345719796246324E-005
   2.7000000000000002       0.20000000000000001        1.8328011738381295E-002   9.3415940081397858E-005
   2.8000000000000003       0.20000000000000001        1.8270248652224642E-002   9.3516203554075970E-005
   2.9000000000000004       0.20000000000000001        1.8212444741025083E-002   9.3647052945111138E-005
   3.0000000000000000       0.20000000000000001        1.8154592844537271E-002   9.3811621644227549E-005
   3.1000000000000001       0.20000000000000001        1.8096688458495901E-002   9.4014869046720842E-005
   3.2000000000000002       0.20000000000000001        1.8038730635662508E-002   9.4262767283842839E-005
   3.3000000000000003       0.20000000000000001        1.7980724228379697E-002   9.4561477895564299E-005
   3.4000000000000004       0.20000000000000001        1.7922683761900551E-002   9.4916610586023891E-005
   3.5000000000000000       0.20000000000000001        1.7864639290084704E-002   9.5332767736515489E-005
   3.6000000000000001       0.20000000000000001        1.7806644662443562E-002   9.5813774930603342E-005
   3.7000000000000002       0.20000000000000001        1.7748788756286465E-002   9.6364319363555215E-005
   3.8000000000000003       0.20000000000000001        1.7691210498188295E-002   9.6994223044073581E-005
   3.9000000000000004       0.20000000000000001        1.7634119178256323E-002   9.7727347618688711E-005
   4.0000000000000000       0.20000000000000001        1.7577823231652655E-002   9.8618209818333996E-005
   4.1000000000000005       0.20000000000000001        1.7522775034131924E-002   9.9780800931854486E-005
   4.2000000000000002       0.20000000000000001        1.7469647951587727E-002   1.0143402359548600E-004
   4.2999999999999998       0.20000000000000001        1.7419491915397742E-002   1.0396822824559898E-004
   4.4000000000000004       0.20000000000000001        1.7374010502363636E-002   1.0798283246485911E-004
   4.5000000000000000       0.20000000000000001        1.7336362361354538E-002   1.1433169413546960E-004
   4.6000000000000005       0.20000000000000001        1.7311048581107342E-002   1.2258233576094985E-004
   4.7000000000000002       0.20000000000000001        1.7310135217626577E-002   1.3228149036146781E-004
   4.8000000000000007       0.20000000000000001        1.7309167606357905E-002   1.0200900595448776E-004
   4.9000000000000004       0.20000000000000001        1.7281628375904440E-002  -3.5852820489918690E-007
   0.0000000000000000       0.30000000000000004        2.6939836071904640E-002   0.0000000000000000     
  0.10000000000000001       0.30000000000000004        2.6905500025943510E-002   9.8795167421468038E-005
  0.20000000000000001       0.30000000000000004        2.6869738632581183E-002   1.1785777052726429E-004
  0.30000000000000004       0.30000000000000004        2.6822617934316693E-002   1.2920442330843391E-004
  0.40000000000000002       0.30000000000000004        2.6768605122814097E-002   1.2960683625944276E-004
  0.50000000000000000       0.30000000000000004        2.6707640897444519E-002   1.2702837544899647E-004
  0.60000000000000009       0.30000000000000004        2.6642916338757372E-002   1.2311615996629378E-004
  0.70000000000000007       0.30000000000000004        2.6576313946772238E-002   1.1882445923021713E-004
  0.80000000000000004       0.30000000000000004        2.6509198225479071E-002   1.1445448012061120E-004
  0.90000000000000002       0.30000000000000004        2.6442391506130730E-002   1.1015301755888406E-004
   1.0000000000000000       0.30000000000000004        2.6376388201796611E-002   1.0600679282043060E-004
   1.1000000000000001       0.30000000000000004        2.6311459216899796E-002   1.0208691345957225E-004
   1.2000000000000002       0.30000000000000004        2.6247726859713331E-002   9.8455593243898171E-005
   1.3000000000000000       0.30000000000000004        2.6185211276949429E-002   9.5164379912651183E-005
   1.4000000000000001       0.30000000000000004        2.6123862606998983E-002   9.2250449653364503E-005
   1.5000000000000000       0.30000000000000004        2.6063584481478160E-002   8.9734042028548100E-005
   1.6000000000000001       0.30000000000000004        2.6004252255856494E-002   8.7617783875623792E-005
   1.7000000000000002       0.30000000000000004        2.5945727474615706E-002   8.5887877850069667E-005
   1.8000000000000000       0.30000000000000004        2.5887869248860912E-002   8.4516768934221216E-005
   1.9000000000000001       0.30000000000000004        2.5830542848375281E-002   8.3466762453229245E-005
   2.0000000000000000       0.30000000000000004        2.5773625710711057E-002   8.2694044564021843E-005
   2.1000000000000001       0.30000000000000004        2.5717011099435007E-002   8.2152612296084679E-005
   2.2000000000000002       0.30000000000000004        2.5660609720075878E-002   8.1797727438673198E-005
   2.3000000000000003       0.30000000000000004        2.5604349675826536E-002   8.1588641707756179E-005
   2.4000000000000004       0.30000000000000004        2.5548175190215020E-002   8.1490475777520768E-005
   2.5000000000000000       0.30000000000000004        2.5492044532428228E-002   8.1475251710069768E-005
   2.6000000000000001       0.30000000000000004        2.5435927556315265E-002   8.1522163027924341E-005
   2.7000000000000002       0.30000000000000004        2.5379803217174431E-002   8.1617212583299666E-005
   2.8000000000000003       0.30000000000000004        2.5323657375259476E-002   8.1752356432992184E-005
   2.9000000000000004       0.30000000000000004        2.5267481145285049E-002   8.1924269402231436E-005
   3.0000000000000000       0.30000000000000004        2.5211270017988539E-002   8.2132806854942565E-005
   3.1000000000000001       0.30000000000000004        2.5155023969580127E-002   8.2379192103041962E-005
   3.2000000000000002       0.30000000000000004        2.5098748789465542E-002   8.2663925920507629E-005
   3.3000000000000003       0.30000000000000004        2.5042458893627061E-002   8.2984410075871077E-005
   3.4000000000000004       0.30000000000000004        2.4986181946142060E-002   8.3332316631560199E-005
   3.5000000000000000       0.30000000000000004        2.4929965682098317E-002   8.3690834032779072E-005
   3.6000000000000001       0.30000000000000004        2.4873887418504541E-002   8.4032092230556523E-005
   3.7000000000000002       0.30000000000000004        2.4818066884952993E-002   8.4315316865117486E-005
   3.8000000000000003       0.30000000000000004        2.4762683278307929E-002   8.4486568356874521E-005
   3.9000000000000004       0.30000000000000004        2.4707998001786101E-002   8.4481198526200287E-005
   4.0000000000000000       0.30000000000000004        2.4654385696841877E-002   8.4230149008746760E-005
   4.1000000000000005       0.30000000000000004        2.4602378235591953E-002   8.3670108061488120E-005
   4.2000000000000002       0.30000000000000004        2.4552730238001041E-002   8.2753826221216781E-005
   4.2999999999999998       0.30000000000000004        2.4506514949502529E-002   8.1442882821205446E-005
   4.4000000000000004       0.30000000000000004        2.4465270530429038E-002   7.9647154309037070E-005
   4.5000000000000000       0.30000000000000004        2.4431067123181927E-002   7.6923209771905259E-005
   4.6000000000000005       0.30000000000000004        2.4406693694107032E-002   7.2074793224647006E-005
   4.7000000000000002       0.30000000000000004        2.4392848583468275E-002   5.9938240517645027E-005
   4.8000000000000007       0.30000000000000004        2.4391065603839052E-002   3.9489176817638155E-005
   4.9000000000000004       0.30000000000000004        2.4381552516065143E-002  -3.8402731487897966E-005
   0.0000000000000000       0.40000000000000002        3.2986574560133292E-002   0.0000000000000000     
  0.10000000000000001       0.40000000000000002        3.2937461441267940E-002   7.1389244526861139E-005
  0.20000000000000001       0.40000000000000002        3.2883490839914015E-002   9.6933477706385844E-005
  0.30000000000000004       0.40000000000000002        3.2830374240876668E-002   1.1231264941808518E-004
  0.40000000000000002       0.40000000000000002        3.2773953580586331E-002   1.1889094389515966E-004
  0.50000000000000000       0.40000000000000002        3.2714393155883620E-002   1.2024322916879513E-004
  0.60000000000000009       0.40000000000000002        3.2652356537839593E-002   1.1865527015809051E-004
  0.70000000000000007       0.40000000000000002        3.2588888844792281E-002   1.1536948921734288E-004
  0.80000000000000004       0.40000000000000002        3.2524819284700475E-002   1.1113257797776909E-004
  0.90000000000000002       0.40000000000000002        3.2460764480466295E-002   1.0640030543090546E-004
   1.0000000000000000       0.40000000000000002        3.2397135687342371E-002   1.0148337980689480E-004
   1.1000000000000001       0.40000000000000002        3.2334187427621293E-002   9.6608817452646827E-005
   1.2000000000000002       0.40000000000000002        3.2272056420550643E-002   9.1948960710169601E-005
   1.3000000000000000       0.40000000000000002        3.2210793409992979E-002   8.7632993193260874E-005
   1.4000000000000001       0.40000000000000002        3.2150387478906133E-002   8.3751746711717000E-005
   1.5000000000000000       0.40000000000000002        3.2090785130214877E-002   8.0360514539974779E-005
   1.6000000000000001       0.40000000000000002        3.2031905492888632E-002   7.7482148143834644E-005
   1.7000000000000002       0.40000000000000002        3.1973652531257564E-002   7.5111240466690877E-005
   1.8000000000000000       0.40000000000000002        3.1915924714303552E-002   7.3219430408554126E-005
   1.9000000000000001       0.40000000000000002        3.1858622400447699E-002   7.1761457795146199E-005
   2.0000000000000000       0.40000000000000002        3.1801653126019770E-002   7.0681430705395905E-005
   2.1000000000000001       0.40000000000000002        3.1744935000100068E-002   6.9918757237711937E-005
   2.2000000000000002       0.40000000000000002        3.1688398456251231E-002   6.9413286685499363E-005
   2.3000000000000003       0.40000000000000002        3.1631986660909092E-002   6.9109354072444777E-005
   2.4000000000000004       0.40000000000000002        3.1575654910246699E-002   6.8958586859262547E-005
   2.5000000000000000       0.40000000000000002        3.1519369354930341E-002   6.8921481019895708E-005
   2.6000000000000001       0.40000000000000002        3.1463105376613794E-002   6.8967863268659010E-005
   2.7000000000000002       0.40000000000000002        3.1406845908092638E-002   6.9076415887318223E-005
   2.8000000000000003       0.40000000000000002        3.1350579950282891E-002   6.9233449984926714E-005
   2.9000000000000004       0.40000000000000002        3.1294301503294673E-002   6.9431080802908262E-005
   3.0000000000000000       0.40000000000000002        3.1238009103825005E-002   6.9664899940409373E-005
   3.1000000000000001       0.40000000000000002        3.1181706151965648E-002   6.9931172949990069E-005
   3.2000000000000002       0.40000000000000002        3.1125402219103711E-002   7.0223536655441136E-005
   3.3000000000000003       0.40000000000000002        3.1069115553839607E-002   7.0529148014406384E-005
   3.4000000000000004       0.40000000000000002        3.1012877042188459E-002   7.0824261982509998E-005
   3.5000000000000000       0.40000000000000002        3.0956735929963949E-002   7.1069301341891903E-005
   3.6000000000000001       0.40000000000000002        3.0900767681391370E-002   7.1203629377598665E-005
   3.7000000000000002       0.40000000000000002        3.0845084438676042E-002   7.1140431025844844E-005
   3.8000000000000003       0.40000000000000002        3.0789848681341526E-002   7.0762296214776162E-005
   3.9000000000000004       0.40000000000000002        3.0735290879252107E-002   6.9918149033860831E-005
   4.0000000000000000       0.40000000000000002        3.0681732141298382E-002   6.8421779956409734E-005
   4.1000000000000005       0.40000000000000002        3.0629612831449150E-002   6.6050835788602125E-005
   4.2000000000000002       0.40000000000000002        3.0579526564568364E-002   6.2541392630138237E-005
   4.2999999999999998       0.40000000000000002        3.0532253968703672E-002   5.7566333348887980E-005
   4.4000000000000004       0.40000000000000002        3.0488766889671951E-002   5.0668346274202559E-005
   4.5000000000000000       0.40000000000000002        3.0450151772062017E-002   4.1124831976714126E-005
   4.6000000000000005       0.40000000000000002        3.0417167581411452E-002   2.7627554623040540E-005
   4.7000000000000002       0.40000000000000002        3.0389601351570379E-002   8.1875532078336612E-006
   4.8000000000000007       0.40000000000000002        3.0363503385655327E-002  -1.8492860092007820E-005
   4.9000000000000004       0.40000000000000002        3.0330557573839977E-002  -7.5578145517487776E-005
   0.0000000000000000       0.50000000000000000        3.7953624858450066E-002   0.0000000000000000     
  0.10000000000000001       0.50000000000000000        3.7902112704684250E-002   5.9433649288750849E-005
  0.20000000000000001       0.50000000000000000        3.7845545946997100E-002   8.1364221631425440E-005
  0.30000000000000004       0.50000000000000000        3.7790530183060528E-002   9.7960904528988200E-005
  0.40000000000000002       0.50000000000000000        3.7735549701800694E-002   1.0660269235851699E-004
  0.50000000000000000       0.50000000000000000        3.7679531848041146E-002   1.1008407051817092E-004
  0.60000000000000009       0.50000000000000000        3.7622377834115345E-002   1.0999784802105400E-004
  0.70000000000000007       0.50000000000000000        3.7564297854334759E-002   1.0758863938488511E-004
  0.80000000000000004       0.50000000000000000        3.7505618707386799E-002   1.0369998135869647E-004
  0.90000000000000002       0.50000000000000000        3.7446640103193408E-002   9.8930172666421705E-005
   1.0000000000000000       0.50000000000000000        3.7387600026469910E-002   9.3714159853792967E-005
   1.1000000000000001       0.50000000000000000        3.7328668572295658E-002   8.8378997689168192E-005
   1.2000000000000002       0.50000000000000000        3.7269957037235291E-002   8.3173229825096913E-005
   1.3000000000000000       0.50000000000000000        3.7211529577805227E-002   7.8282581501268246E-005
   1.4000000000000001       0.50000000000000000        3.7153414446305363E-002   7.3838530293442587E-005
   1.5000000000000000       0.50000000000000000        3.7095613623007534E-002   6.9924198298177320E-005
   1.6000000000000001       0.50000000000000000        3.7038110805255223E-002   6.6579893281076740E-005
   1.7000000000000002       0.50000000000000000        3.6980877910598682E-002   6.3809335607485987E-005
   1.8000000000000000       0.50000000000000000        3.6923880279208100E-002   6.1586764964832204E-005
   1.9000000000000001       0.50000000000000000        3.6867080724247651E-002   5.9864634493506687E-005
   2.0000000000000000       0.50000000000000000        3.6810442554110388E-002   5.8581367921160932E-005
   2.1000000000000001       0.50000000000000000        3.6753931683993837E-002   5.7668609897957981E-005
   2.2000000000000002       0.50000000000000000        3.6697517961680394E-002   5.7057481116065877E-005
   2.3000000000000003       0.50000000000000000        3.6641175844622835E-002   5.6683504006109911E-005
   2.4000000000000004       0.50000000000000000        3.6584884575467595E-002   5.6490043857693339E-005
   2.5000000000000000       0.50000000000000000        3.6528628006914941E-002   5.6430275119016355E-005
   2.6000000000000001       0.50000000000000000        3.6472394223292133E-002   5.6467806169336629E-005
   2.7000000000000002       0.50000000000000000        3.6416175096712633E-002   5.6576163909682229E-005
   2.8000000000000003       0.50000000000000000        3.6359965902949223E-002   5.6737350607606542E-005
   2.9000000000000004       0.50000000000000000        3.6303765109416339E-002   5.6939648633999740E-005
   3.0000000000000000       0.50000000000000000        3.6247574437957682E-002   5.7174780703109133E-005
   3.1000000000000001       0.50000000000000000        3.6191399300753407E-002   5.7434454864681158E-005
   3.2000000000000002       0.50000000000000000        3.6135249709962410E-002   5.7706256952480675E-005
   3.3000000000000003       0.50000000000000000        3.6079141771256928E-002   5.7968819216215004E-005
   3.4000000000000004       0.50000000000000000        3.6023099888309623E-002   5.8186209496380138E-005
   3.5000000000000000       0.50000000000000000        3.5967159829591380E-002   5.8301561132429059E-005
   3.6000000000000001       0.50000000000000000        3.5911372840135944E-002   5.8230099881033806E-005
   3.7000000000000002       0.50000000000000000        3.5855811015504585E-002   5.7851902892714931E-005
   3.8000000000000003       0.50000000000000000        3.5800574176101767E-002   5.7004899113558981E-005
   3.9000000000000004       0.50000000000000000        3.5745798429195064E-002   5.5478694881389964E-005
   4.0000000000000000       0.50000000000000000        3.5691666320134166E-002   5.3009619683313039E-005
   4.1000000000000005       0.50000000000000000        3.5638417523770387E-002   4.9276689859081793E-005
   4.2000000000000002       0.50000000000000000        3.5586356530636715E-002   4.3896828253147532E-005
   4.2999999999999998       0.50000000000000000        3.5535847528361864E-002   3.6415628459018241E-005
   4.4000000000000004       0.50000000000000000        3.5487275698445932E-002   2.6291104524484746E-005
   4.5000000000000000       0.50000000000000000        3.5440926977101203E-002   1.2870202023648777E-005
   4.6000000000000005       0.50000000000000000        3.5396751041320236E-002  -4.5609250814878186E-006
   4.7000000000000002       0.50000000000000000        3.5353852596518028E-002  -2.6768558799453333E-005
   4.8000000000000007       0.50000000000000000        3.5310498973370130E-002  -5.1698828747110080E-005
   4.9000000000000004       0.50000000000000000        3.5261879322251014E-002  -9.8423064416904918E-005
   0.0000000000000000       0.60000000000000009        4.1884426599579409E-002   0.0000000000000000     
  0.10000000000000001       0.60000000000000009        4.1831084027202724E-002   4.8232466129857364E-005
  0.20000000000000001       0.60000000000000009        4.1774923970874102E-002   6.7230008374402332E-005
  0.30000000000000004       0.60000000000000009        4.1721866492229170E-002   8.2114996354460613E-005
  0.40000000000000002       0.60000000000000009        4.1670530605201671E-002   9.0723830772885522E-005
  0.50000000000000000       0.60000000000000009        4.1619706484859388E-002   9.4779217488918797E-005
  0.60000000000000009       0.60000000000000009        4.1568708036784086E-002   9.5447950231842196E-005
  0.70000000000000007       0.60000000000000009        4.1517213178565007E-002   9.3727430320254967E-005
  0.80000000000000004       0.60000000000000009        4.1465102290735363E-002   9.0389071660258095E-005
  0.90000000000000002       0.60000000000000009        4.1412361710833706E-002   8.6024128606618561E-005
   1.0000000000000000       0.60000000000000009        4.1359025286146663E-002   8.1088482724577359E-005
   1.1000000000000001       0.60000000000000009        4.1305146905759892E-002   7.5935755741044896E-005
   1.2000000000000002       0.60000000000000009        4.1250787657586094E-002   7.0839162209685019E-005
   1.3000000000000000       0.60000000000000009        4.1196010363826800E-002   6.6004789731385295E-005
   1.4000000000000001       0.60000000000000009        4.1140877009238200E-002   6.1580117453439718E-005
   1.5000000000000000       0.60000000000000009        4.1085447211024757E-002   5.7660528007154790E-005
   1.6000000000000001       0.60000000000000009        4.1029776993228795E-002   5.4295572952066265E-005
   1.7000000000000002       0.60000000000000009        4.0973917702541968E-002   5.1495825292849665E-005
   1.8000000000000000       0.60000000000000009        4.0917915109505272E-002   4.9240481088907247E-005
   1.9000000000000001       0.60000000000000009        4.0861808787981888E-002   4.7485437327962225E-005
   2.0000000000000000       0.60000000000000009        4.0805631840838213E-002   4.6171351758844487E-005
   2.1000000000000001       0.60000000000000009        4.0749410991281820E-002   4.5231139620449284E-005
   2.2000000000000002       0.60000000000000009        4.0693167011312391E-002   4.4596434656942049E-005
   2.3000000000000003       0.60000000000000009        4.0636915422973312E-002   4.4202687881927771E-005
   2.4000000000000004       0.60000000000000009        4.0580667388537196E-002   4.3992750745695098E-005
   2.5000000000000000       0.60000000000000009        4.0524430701763488E-002   4.3918950845824794E-005
   2.6000000000000001       0.60000000000000009        4.0468210800446568E-002   4.3943790503372209E-005
   2.7000000000000002       0.60000000000000009        4.0412011735781996E-002   4.4039466702544879E-005
   2.8000000000000003       0.60000000000000009        4.0355837051556855E-002   4.4186422934615281E-005
   2.9000000000000004       0.60000000000000009        4.0299690541501135E-002   4.4371107885628239E-005
   3.0000000000000000       0.60000000000000009        4.0243576863376623E-002   4.4583048754628661E-005
   3.1000000000000001       0.60000000000000009        4.0187501992352222E-002   4.4811268706462037E-005
   3.2000000000000002       0.60000000000000009        4.0131473494664956E-002   4.5040010194260308E-005
   3.3000000000000003       0.60000000000000009        4.0075500598067693E-002   4.5243688847975494E-005
   3.4000000000000004       0.60000000000000009        4.0019594032169890E-002   4.5381012863065523E-005
   3.5000000000000000       0.60000000000000009        3.9963765614096383E-002   4.5388270949333716E-005
   3.6000000000000001       0.60000000000000009        3.9908027565932508E-002   4.5171919973296211E-005
   3.7000000000000002       0.60000000000000009        3.9852391566735902E-002   4.4600781669350198E-005
   3.8000000000000003       0.60000000000000009        3.9796867543114699E-002   4.3498361399982724E-005
   3.9000000000000004       0.60000000000000009        3.9741462130771454E-002   4.1635991599172290E-005
   4.0000000000000000       0.60000000000000009        3.9686176462918867E-002   3.8727638436357651E-005
   4.1000000000000005       0.60000000000000009        3.9631002206661353E-002   3.4427311302957697E-005
   4.2000000000000002       0.60000000000000009        3.9575913141946771E-002   2.8330294321851926E-005
   4.2999999999999998       0.60000000000000009        3.9520846684598113E-002   1.9980754587260239E-005
   4.4000000000000004       0.60000000000000009        3.9465665273807689E-002   8.8923634902888434E-006
   4.5000000000000000       0.60000000000000009        3.9410086202475124E-002  -5.3989749518421004E-006
   4.6000000000000005       0.60000000000000009        3.9353571744047869E-002  -2.3204590020053634E-005
   4.7000000000000002       0.60000000000000009        3.9295217858272363E-002  -4.4481829674366830E-005
   4.8000000000000007       0.60000000000000009        3.9233929081996452E-002  -6.6956828212085028E-005
   4.9000000000000004       0.60000000000000009        3.9166488801310323E-002  -1.0472148367521264E-004
   0.0000000000000000       0.70000000000000007        4.4801392992812585E-002   0.0000000000000000     
  0.10000000000000001       0.70000000000000007        4.4747240805554540E-002   3.6371980958081205E-005
  0.20000000000000001       0.70000000000000007        4.4693306339581768E-002   5.1122805183043601E-005
  0.30000000000000004       0.70000000000000007        4.4643657730482698E-002   6.2874923051520115E-005
  0.40000000000000002       0.70000000000000007        4.4596962845633109E-002   6.9953537690560749E-005
  0.50000000000000000       0.70000000000000007        4.4551777683523308E-002   7.3533104104861249E-005
  0.60000000000000009       0.70000000000000007        4.4507084772956541E-002   7.4378209252219215E-005
  0.70000000000000007       0.70000000000000007        4.4462179663640508E-002   7.3211193813245984E-005
  0.80000000000000004       0.70000000000000007        4.4416606458012584E-002   7.0627247935930413E-005
  0.90000000000000002       0.70000000000000007        4.4370086074970082E-002   6.7110777295186793E-005
   1.0000000000000000       0.70000000000000007        4.4322465618167807E-002   6.3050492822201696E-005
   1.1000000000000001       0.70000000000000007        4.4273682907525785E-002   5.8756082954390093E-005
   1.2000000000000002       0.70000000000000007        4.4223742227818510E-002   5.4470670025031590E-005
   1.3000000000000000       0.70000000000000007        4.4172696590353638E-002   5.0379600536188676E-005
   1.4000000000000001       0.70000000000000007        4.4120633739858500E-002   4.6616821029786945E-005
   1.5000000000000000       0.70000000000000007        4.4067664362910236E-002   4.3270294970674009E-005
   1.6000000000000001       0.70000000000000007        4.4013911881261157E-002   4.0387479309903939E-005
   1.7000000000000002       0.70000000000000007        4.3959503702633053E-002   3.7981372330403726E-005
   1.8000000000000000       0.70000000000000007        4.3904564016774651E-002   3.6037194417701950E-005
   1.9000000000000001       0.70000000000000007        4.3849208255723172E-002   3.4519449157744980E-005
   2.0000000000000000       0.70000000000000007        4.3793539268676726E-002   3.3378943637172387E-005
   2.1000000000000001       0.70000000000000007        4.3737645151373655E-002   3.2559308631268536E-005
   2.2000000000000002       0.70000000000000007        4.3681598558027640E-002   3.2002620097731806E-005
   2.3000000000000003       0.70000000000000007        4.3625457235723475E-002   3.1653845270779460E-005
   2.4000000000000004       0.70000000000000007        4.3569265468962427E-002   3.1463981900908360E-005
   2.5000000000000000       0.70000000000000007        4.3513056107481081E-002   3.1391895413533912E-005
   2.6000000000000001       0.70000000000000007        4.3456852867536921E-002   3.1404962499539494E-005
   2.7000000000000002       0.70000000000000007        4.3400672634793268E-002   3.1478688178809978E-005
   2.8000000000000003       0.70000000000000007        4.3344527543228220E-002   3.1595474557797381E-005
   2.9000000000000004       0.70000000000000007        4.3288426647473142E-002   3.1742690235296303E-005
   3.0000000000000000       0.70000000000000007        4.3232377036875373E-002   3.1910133010798615E-005
   3.1000000000000001       0.70000000000000007        4.3176384253787871E-002   3.2086912379412131E-005
   3.2000000000000002       0.70000000000000007        4.3120451876249424E-002   3.2257720491949467E-005
   3.3000000000000003       0.70000000000000007        4.3064580111123282E-002   3.2398427969323707E-005
   3.4000000000000004       0.70000000000000007        4.3008763226616439E-002   3.2470948408046602E-005
   3.5000000000000000       0.70000000000000007        4.2952985644093111E-002   3.2417372483413686E-005
   3.6000000000000001       0.70000000000000007        4.2897216519474007E-002   3.2153483583489308E-005
   3.7000000000000002       0.70000000000000007        4.2841402681594080E-002   3.1561930228568956E-005
   3.8000000000000003       0.70000000000000007        4.2785459855877860E-002   3.0485540249301804E-005
   3.9000000000000004       0.70000000000000007        4.2729262165226753E-002   2.8721515510649469E-005
   4.0000000000000000       0.70000000000000007        4.2672629918926813E-002   2.6017567227417334E-005
   4.1000000000000005       0.70000000000000007        4.2615315606727835E-002   2.2071538517811845E-005
   4.2000000000000002       0.70000000000000007        4.2556987781690842E-002   1.6536986478776205E-005
   4.2999999999999998       0.70000000000000007        4.2497212307796690E-002   9.0391261859962166E-006
   4.4000000000000004       0.70000000000000007        4.2435431225868729E-002  -7.9037107783163526E-007
   4.5000000000000000       0.70000000000000007        4.2370942970740906E-002  -1.3244624698911150E-005
   4.6000000000000005       0.70000000000000007        4.2302901540613218E-002  -2.8406287939902853E-005
   4.7000000000000002       0.70000000000000007        4.2230355315574890E-002  -4.5989287440355592E-005
   4.8000000000000007       0.70000000000000007        4.2152609958961411E-002  -6.4028907435277708E-005
   4.9000000000000004       0.70000000000000007        4.2067180250012444E-002  -9.2395765464157797E-005
   0.0000000000000000       0.80000000000000004        4.6729515046460425E-002   0.0000000000000000     
  0.10000000000000001       0.80000000000000004        4.6674908715209365E-002   2.2803257834258316E-005
  0.20000000000000001       0.80000000000000004        4.6623251411278127E-002   3.2221087158307578E-005
  0.30000000000000004       0.80000000000000004        4.6576892417934078E-002   3.9730878905604113E-005
  0.40000000000000002       0.80000000000000004        4.6534299827327812E-002   4.4343918671930078E-005
  0.50000000000000000       0.80000000000000004        4.6493850657702805E-002   4.6751365603571702E-005
  0.60000000000000009       0.80000000000000004        4.6454299740878717E-002   4.7396561828470484E-005
  0.70000000000000007       0.80000000000000004        4.6414699307479948E-002   4.6712438649786256E-005
  0.80000000000000004       0.80000000000000004        4.6374365130833081E-002   4.5071231438096324E-005
  0.90000000000000002       0.80000000000000004        4.6332829795649254E-002   4.2786373828476983E-005
   1.0000000000000000       0.80000000000000004        4.6289800704080376E-002   4.0116221784342817E-005
   1.1000000000000001       0.80000000000000004        4.6245124677787020E-002   3.7270337077333169E-005
   1.2000000000000002       0.80000000000000004        4.6198758478236346E-002   3.4415202216630310E-005
   1.3000000000000000       0.80000000000000004        4.6150743800960035E-002   3.1678770432611843E-005
   1.4000000000000001       0.80000000000000004        4.6101185435990413E-002   2.9154175888399378E-005
   1.5000000000000000       0.80000000000000004        4.6050231871758579E-002   2.6903176704581377E-005
   1.6000000000000001       0.80000000000000004        4.5998058116138517E-002   2.4959808795732403E-005
   1.7000000000000002       0.80000000000000004        4.5944850833855570E-002   2.3334487948592414E-005
   1.8000000000000000       0.80000000000000004        4.5890796024358312E-002   2.2018555774924853E-005
   1.9000000000000001       0.80000000000000004        4.5836069433691770E-002   2.0989082283756833E-005
   2.0000000000000000       0.80000000000000004        4.5780829763802926E-002   2.0213637175823000E-005
   2.1000000000000001       0.80000000000000004        4.5725214569781229E-002   1.9654720684464375E-005
   2.2000000000000002       0.80000000000000004        4.5669338566132166E-002   1.9273586435235181E-005
   2.3000000000000003       0.80000000000000004        4.5613293929624002E-002   1.9033270209289594E-005
   2.4000000000000004       0.80000000000000004        4.5557152105566059E-002   1.8900735418755118E-005
   2.5000000000000000       0.80000000000000004        4.5500966599511736E-002   1.8848137198316720E-005
   2.6000000000000001       0.80000000000000004        4.5444776259107353E-002   1.8853276669077995E-005
   2.7000000000000002       0.80000000000000004        4.5388608605699668E-002   1.8899356526798986E-005
   2.8000000000000003       0.80000000000000004        4.5332482843964378E-002   1.8974157116021174E-005
   2.9000000000000004       0.80000000000000004        4.5276412242789971E-002   1.9068733055297651E-005
   3.0000000000000000       0.80000000000000004        4.5220405628548829E-002   1.9175693185746439E-005
   3.1000000000000001       0.80000000000000004        4.5164467755374277E-002   1.9287082538289300E-005
   3.2000000000000002       0.80000000000000004        4.5108598315853767E-002   1.9391846369835692E-005
   3.3000000000000003       0.80000000000000004        4.5052789336348799E-002   1.9472834626223940E-005
   3.4000000000000004       0.80000000000000004        4.4997020676853655E-002   1.9503310195303660E-005
   3.5000000000000000       0.80000000000000004        4.4941253343506009E-002   1.9442963200031034E-005
   3.6000000000000001       0.80000000000000004        4.4885420342795801E-002   1.9233510676622548E-005
   3.7000000000000002       0.80000000000000004        4.4829414880683822E-002   1.8794078306793128E-005
   3.8000000000000003       0.80000000000000004        4.4773075855894240E-002   1.8016720801419980E-005
   3.9000000000000004       0.80000000000000004        4.4716170831530455E-002   1.6762649760267444E-005
   4.0000000000000000       0.80000000000000004        4.4658377015027700E-002   1.4860034318260980E-005
   4.1000000000000005       0.80000000000000004        4.4599261284396528E-002   1.2104701762770844E-005
   4.2000000000000002       0.80000000000000004        4.4538261103660638E-002   8.2658585535263952E-006
   4.2999999999999998       0.80000000000000004        4.4474669605356620E-002   3.1003587212950166E-006
   4.4000000000000004       0.80000000000000004        4.4407630837860361E-002  -3.6186100026250151E-006
   4.5000000000000000       0.80000000000000004        4.4336156303961601E-002  -1.2049307670810603E-005
   4.6000000000000005       0.80000000000000004        4.4259183233424988E-002  -2.2190340691767308E-005
   4.7000000000000002       0.80000000000000004        4.4175693755048664E-002  -3.3778797954259262E-005
   4.8000000000000007       0.80000000000000004        4.4085121332048338E-002  -4.5535287377519117E-005
   4.9000000000000004       0.80000000000000004        4.3985315147502459E-002  -6.3269842872225608E-005
   0.0000000000000000       0.90000000000000002        4.7687794579848820E-002   0.0000000000000000     
  0.10000000000000001       0.90000000000000002        4.7633017213164833E-002   7.7960602731960068E-006
  0.20000000000000001       0.90000000000000002        4.7582811378949617E-002   1.1029211367333569E-005
  0.30000000000000004       0.90000000000000002        4.7538426834818154E-002   1.3612927126910068E-005
  0.40000000000000002       0.90000000000000002        4.7498229674586952E-002   1.5210482256184414E-005
  0.50000000000000000       0.90000000000000002        4.7460482634260254E-002   1.6055322329956588E-005
  0.60000000000000009       0.90000000000000002        4.7423826646091453E-002   1.6292296422618895E-005
  0.70000000000000007       0.90000000000000002        4.7387191903773315E-002   1.6065934148340813E-005
  0.80000000000000004       0.90000000000000002        4.7349779211441734E-002   1.5502450697958245E-005
  0.90000000000000002       0.90000000000000002        4.7311023577812854E-002   1.4709984947860415E-005
   1.0000000000000000       0.90000000000000002        4.7270558254074418E-002   1.3778802898173471E-005
   1.1000000000000001       0.90000000000000002        4.7228180481131934E-002   1.2782801196924703E-005
   1.2000000000000002       0.90000000000000002        4.7183820280755649E-002   1.1781044975871793E-005
   1.3000000000000000       0.90000000000000002        4.7137512146179450E-002   1.0819126816230910E-005
   1.4000000000000001       0.90000000000000002        4.7089369283785300E-002   9.9303561506067646E-006
   1.5000000000000000       0.90000000000000002        4.7039560213791180E-002   9.1369261200365508E-006
   1.6000000000000001       0.90000000000000002        4.6988287814888459E-002   8.4511879389320977E-006
   1.7000000000000002       0.90000000000000002        4.6935771092659208E-002   7.8770976398373835E-006
   1.8000000000000000       0.90000000000000002        4.6882230005632637E-002   7.4118243977656943E-006
   1.9000000000000001       0.90000000000000002        4.6827873602250512E-002   7.0474506833702286E-006
   2.0000000000000000       0.90000000000000002        4.6772891549432850E-002   6.7726614548906786E-006
   2.1000000000000001       0.90000000000000002        4.6717448921311328E-002   6.5743130884688174E-006
   2.2000000000000002       0.90000000000000002        4.6661683913001684E-002   6.4387876837444619E-006
   2.3000000000000003       0.90000000000000002        4.6605707984202771E-002   6.3530670501485237E-006
   2.4000000000000004       0.90000000000000002        4.6549607840064053E-002   6.3054947457109045E-006
   2.5000000000000000       0.90000000000000002        4.6493448625523806E-002   6.2862265766031229E-006
   2.6000000000000001       0.90000000000000002        4.6437277734666729E-002   6.2873945062115680E-006
   2.7000000000000002       0.90000000000000002        4.6381128700544991E-002   6.3030229323694794E-006
   2.8000000000000003       0.90000000000000002        4.6325024711734789E-002   6.3287392026738136E-006
   2.9000000000000004       0.90000000000000002        4.6268981379030599E-002   6.3613136253876634E-006
   3.0000000000000000       0.90000000000000002        4.6213008433161049E-002   6.3980511955583928E-006
   3.1000000000000001       0.90000000000000002        4.6157110063418438E-002   6.4360418098857036E-006
   3.2000000000000002       0.90000000000000002        4.6101283607098774E-002   6.4712621838275460E-006
   3.3000000000000003       0.90000000000000002        4.6045516278484903E-002   6.4975150737948726E-006
   3.4000000000000004       0.90000000000000002        4.5989779599155171E-002   6.5051932221509999E-006
   3.5000000000000000       0.90000000000000002        4.5934021180151906E-002   6.4798693301767681E-006
   3.6000000000000001       0.90000000000000002        4.5878153536924850E-002   6.4007411012430827E-006
   3.7000000000000002       0.90000000000000002        4.5822039718943761E-002   6.2390032543126653E-006
   3.8000000000000003       0.90000000000000002        4.5765475739539624E-002   5.9562782337440127E-006
   3.9000000000000004       0.90000000000000002        4.5708170136862847E-002   5.5033191787597786E-006
   4.0000000000000000       0.90000000000000002        4.5649721541044637E-002   4.8193157444803838E-006
   4.1000000000000005       0.90000000000000002        4.5589595964986455E-002   3.8323144814750415E-006
   4.2000000000000002       0.90000000000000002        4.5527106857599406E-002   2.4615634203307187E-006
   4.2999999999999998       0.90000000000000002        4.5461403064596985E-002   6.2307745689778925E-007
   4.4000000000000004       0.90000000000000002        4.5391473180718497E-002  -1.7595333217346309E-006
   4.5000000000000000       0.90000000000000002        4.5316179705491136E-002  -4.7360863186080892E-006
   4.6000000000000005       0.90000000000000002        4.5234343989121267E-002  -8.2980117163039448E-006
   4.7000000000000002       0.90000000000000002        4.5144897208795616E-002  -1.2344135115765480E-005
   4.8000000000000007       0.90000000000000002        4.5047316124886320E-002  -1.6430113596173772E-005
   4.9000000000000004       0.90000000000000002        4.4939604388702967E-002  -2.2473446996709618E-005
