   0.0000000000000000       0.50000000000000000       0.47499999999999998       0.45000000000000001       0.42499999999999999       0.40000000000000002       0.37500000000000000       0.34999999999999998       0.32500000000000001       0.29999999999999999       0.27500000000000002       0.25000000000000000       0.22499999999999998       0.20000000000000001       0.17499999999999999       0.15000000000000002       0.12500000000000000        9.9999999999999978E-002   7.5000000000000011E-002   4.9999999999999989E-002   2.5000000000000022E-002   0.0000000000000000     
   0.0000000000000000       0.50000000000000000       0.47499999999999998       0.45000000000000001       0.42499999999999999       0.40000000000000002       0.37500000000000000       0.34999999999999998       0.32500000000000001       0.29999999999999999       0.27500000000000002       0.25000000000000000       0.22499999999999998       0.20000000000000001       0.17499999999999999       0.15000000000000002       0.12500000000000000        9.9999999999999978E-002   7.5000000000000011E-002   4.9999999999999989E-002   2.5000000000000022E-002   0.0000000000000000     
   0.0000000000000000       0.50000000000000000       0.47499999999999998       0.45000000000000001       0.42499999999999999       0.40000000000000002       0.37500000000000000       0.34999999999999998       0.32500000000000001       0.29999999999999999       0.27500000000000002       0.25000000000000000       0.22499999999999998       0.20000000000000001       0.17499999999999999       0.15000000000000002       0.12500000000000000        9.9999999999999978E-002   7.5000000000000011E-002   4.9999999999999989E-002   2.5000000000000022E-002   0.0000000000000000     
   0.0000000000000000       0.50000000000000000       0.47499999999999998       0.45000000000000001       0.42499999999999999       0.40000000000000002       0.37500000000000000       0.34999999999999998       0.32500000000000001       0.29999999999999999       0.27500000000000002       0.25000000000000000       0.22499999999999998       0.20000000000000001       0.17499999999999999       0.15000000000000002       0.12500000000000000        9.9999999999999978E-002   7.5000000000000011E-002   4.9999999999999989E-002   2.5000000000000022E-002   0.0000000000000000     
   0.0000000000000000       0.50000000000000000       0.47499999999999998       0.45000000000000001       0.42499999999999999       0.40000000000000002       0.37500000000000000       0.34999999999999998       0.32500000000000001       0.29999999999999999       0.27500000000000002       0.25000000000000000       0.22499999999999998       0.20000000000000001       0.17499999999999999       0.15000000000000002       0.12500000000000000        9.9999999999999978E-002   7.5000000000000011E-002   4.9999999999999989E-002   2.5000000000000022E-002   0.0000000000000000     
   0.0000000000000000       0.50000000000000000       0.47499999999999998       0.45000000000000001       0.42499999999999999       0.40000000000000002       0.37500000000000000       0.34999999999999998       0.32500000000000001       0.29999999999999999       0.27500000000000002       0.25000000000000000       0.22499999999999998       0.20000000000000001       0.17499999999999999       0.15000000000000002       0.12500000000000000        9.9999999999999978E-002   7.5000000000000011E-002   4.9999999999999989E-002   2.5000000000000022E-002   0.0000000000000000     
   0.0000000000000000       0.50000000000000000       0.47499999999999998       0.45000000000000001       0.42499999999999999       0.40000000000000002       0.37500000000000000       0.34999999999999998       0.32500000000000001       0.29999999999999999       0.27500000000000002       0.25000000000000000       0.22499999999999998       0.20000000000000001       0.17499999999999999       0.15000000000000002       0.12500000000000000        9.9999999999999978E-002   7.5000000000000011E-002   4.9999999999999989E-002   2.5000000000000022E-002   0.0000000000000000     
   0.0000000000000000       0.50000000000000000       0.47499999999999998       0.45000000000000001       0.42499999999999999       0.40000000000000002       0.37500000000000000       0.34999999999999998       0.32500000000000001       0.29999999999999999       0.27500000000000002       0.25000000000000000       0.22499999999999998       0.20000000000000001       0.17499999999999999       0.15000000000000002       0.12500000000000000        9.9999999999999978E-002   7.5000000000000011E-002   4.9999999999999989E-002   2.5000000000000022E-002   0.0000000000000000     
   0.0000000000000000       0.50000000000000000       0.47499999999999998       0.45000000000000001       0.42499999999999999       0.40000000000000002       0.37500000000000000       0.34999999999999998       0.32500000000000001       0.29999999999999999       0.27500000000000002       0.25000000000000000       0.22499999999999998       0.20000000000000001       0.17499999999999999       0.15000000000000002       0.12500000000000000        9.9999999999999978E-002   7.5000000000000011E-002   4.9999999999999989E-002   2.5000000000000022E-002   0.0000000000000000     
   0.0000000000000000       0.50000000000000000       0.47499999999999998       0.45000000000000001       0.42499999999999999       0.40000000000000002       0.37500000000000000       0.34999999999999998       0.32500000000000001       0.29999999999999999       0.27500000000000002       0.25000000000000000       0.22499999999999998       0.20000000000000001       0.17499999999999999       0.15000000000000002       0.12500000000000000        9.9999999999999978E-002   7.5000000000000011E-002   4.9999999999999989E-002   2.5000000000000022E-002   0.0000000000000000     
